# Differential preferences fit to each site.
# Regularizing prior: ('invquadratic', 150.0, 0.5)
#
site	dpi_A	dpi_C	dpi_D	dpi_E	dpi_F	dpi_G	dpi_H	dpi_I	dpi_K	dpi_L	dpi_M	dpi_N	dpi_P	dpi_Q	dpi_R	dpi_S	dpi_T	dpi_V	dpi_W	dpi_Y	half_sum_abs_dpi
287	-0.0024	0.0369	-0.0489	0.0364	0.0079	0.0050	-0.0489	0.0038	0.0345	0.0402	0.0111	-0.0480	0.0363	0.0211	-0.0502	-0.0514	-0.0030	-0.0003	0.0105	0.0093	0.2530
95	-0.0069	-0.0000	-0.0012	-0.0015	-0.0052	-0.0076	0.0001	-0.0483	-0.0009	-0.0284	-0.0091	-0.0083	-0.0033	-0.0006	-0.0111	-0.0514	-0.0510	0.2260	0.0015	0.0072	0.2348
282	0.0585	0.0446	-0.0487	-0.0002	0.0037	-0.0074	-0.0488	-0.0031	-0.0081	-0.0102	0.0045	-0.0492	0.0222	0.0357	0.0372	0.0240	-0.0495	-0.0035	0.0042	-0.0060	0.2346
125	-0.0518	-0.0032	-0.0045	-0.0103	-0.0037	-0.0188	-0.0029	0.2279	-0.0041	-0.0296	-0.0165	-0.0045	-0.0073	-0.0038	-0.0155	-0.0131	-0.0115	-0.0275	-0.0014	0.0022	0.2301
237	-0.0089	-0.0017	-0.0024	-0.0056	-0.0001	-0.0517	-0.0017	-0.0042	0.2195	-0.0108	-0.0043	-0.0027	-0.0071	-0.0037	-0.0399	-0.0514	-0.0161	-0.0076	-0.0051	0.0053	0.2248
285	-0.0518	0.0358	-0.0160	-0.0348	0.0425	0.0167	0.0247	-0.0072	0.0359	0.0287	-0.0042	-0.0053	-0.0478	0.0127	-0.0183	0.0022	-0.0181	0.0184	-0.0036	-0.0103	0.2176
259	-0.0066	-0.0509	-0.0040	-0.0019	-0.0011	-0.0090	-0.0490	-0.0018	-0.0012	-0.0079	0.0020	-0.0030	-0.0047	-0.0009	-0.0134	-0.0514	-0.0053	-0.0055	0.0016	0.2140	0.2175
283	-0.0475	0.0027	0.0098	0.0058	-0.0491	-0.0126	0.0055	0.0830	0.0065	-0.0516	0.0091	0.0064	0.0030	0.0068	-0.0041	0.0310	0.0026	-0.0518	0.0087	0.0360	0.2167
280	0.0226	0.0068	0.0538	0.0071	0.0099	0.0292	0.0088	-0.0499	0.0072	0.0023	0.0106	0.0197	-0.0023	0.0082	-0.0494	-0.0506	-0.0505	0.0040	0.0103	0.0022	0.2027
32	-0.0032	0.1310	0.0003	0.0127	0.0056	-0.0065	-0.0486	0.0024	-0.0100	-0.0219	0.0065	0.0016	-0.0454	-0.0490	0.0113	0.0249	-0.0016	-0.0020	0.0061	-0.0142	0.2023
23	0.0771	-0.0011	-0.0019	-0.0041	-0.0000	-0.0123	-0.0007	-0.0498	0.0137	0.0173	-0.0500	-0.0016	-0.0076	-0.0021	-0.0383	0.0809	-0.0007	-0.0278	0.0011	0.0077	0.1979
331	0.0232	0.0086	-0.0486	0.0258	0.0089	-0.0014	-0.0484	0.0030	-0.0465	0.0021	0.0097	-0.0491	0.0037	0.0266	0.0505	0.0191	-0.0032	0.0038	0.0094	0.0028	0.1971
334	-0.0028	0.0244	-0.0432	0.0562	0.0087	-0.0514	0.0342	0.0040	0.0063	0.0017	0.0094	-0.0463	0.0041	0.0071	0.0094	-0.0511	0.0216	-0.0006	0.0091	-0.0009	0.1963
36	-0.0159	0.0090	0.0035	0.0049	0.0279	-0.0141	0.0092	-0.0498	0.0065	-0.0271	-0.0046	-0.0078	-0.0009	0.0073	-0.0187	0.0081	-0.0510	0.1057	0.0124	-0.0045	0.1945
28	-0.0079	-0.0509	-0.0119	-0.0012	0.0289	-0.0108	0.1282	-0.0011	-0.0001	-0.0103	0.0048	0.0261	-0.0054	-0.0003	-0.0154	-0.0181	-0.0062	-0.0066	0.0044	-0.0461	0.1923
308	0.0523	0.0121	0.0045	-0.0493	0.0121	-0.0514	-0.0388	0.0083	0.0042	-0.0016	0.0160	0.0114	-0.0006	0.0201	0.0309	-0.0042	0.0031	-0.0436	0.0154	-0.0007	0.1904
284	-0.0487	0.0077	0.0338	0.0063	0.0084	0.0252	-0.0446	0.0060	0.0071	0.0278	0.0100	0.0075	-0.0476	0.0059	-0.0479	0.0145	0.0165	0.0025	0.0096	0.0000	0.1888
90	-0.0099	-0.0062	-0.0037	-0.0049	0.1881	-0.0125	-0.0028	-0.0077	-0.0041	-0.0516	-0.0008	-0.0031	-0.0078	-0.0037	-0.0174	-0.0248	-0.0085	-0.0123	-0.0011	-0.0053	0.1881
59	-0.0099	-0.0061	-0.0037	-0.0049	0.1880	-0.0125	-0.0028	-0.0076	-0.0041	-0.0516	-0.0008	-0.0031	-0.0078	-0.0037	-0.0175	-0.0250	-0.0085	-0.0123	-0.0011	-0.0052	0.1880
117	0.0934	0.0021	-0.0205	-0.0440	0.0058	-0.0325	0.0046	0.0015	-0.0157	-0.0026	0.0066	0.0315	0.0002	0.0300	-0.0186	-0.0441	-0.0026	-0.0062	0.0063	0.0049	0.1868
294	-0.0180	-0.0014	-0.0417	-0.0494	-0.0003	0.0078	-0.0096	-0.0030	-0.0026	-0.0083	0.0004	0.1762	-0.0054	-0.0020	-0.0134	-0.0105	-0.0061	-0.0149	0.0001	0.0021	0.1867
271	-0.0191	-0.0009	-0.0430	0.1671	0.0002	-0.0517	-0.0094	-0.0024	-0.0023	-0.0078	0.0009	0.0147	-0.0048	-0.0017	-0.0130	-0.0092	-0.0056	-0.0154	0.0007	0.0027	0.1863
122	-0.0029	0.0079	0.0064	-0.0494	0.0098	-0.0092	0.0079	0.0036	-0.0472	-0.0051	-0.0060	-0.0341	-0.0000	0.0288	0.1090	-0.0085	-0.0224	-0.0011	0.0100	0.0026	0.1859
184	-0.0518	0.0082	0.0059	-0.0104	0.0084	-0.0277	0.0081	0.0580	0.0053	0.0350	0.0316	0.0054	-0.0024	0.0061	-0.0195	-0.0131	-0.0098	-0.0505	0.0113	0.0020	0.1852
145	-0.0099	-0.0058	-0.0037	-0.0048	0.1852	-0.0125	-0.0027	-0.0074	-0.0040	-0.0516	-0.0006	-0.0030	-0.0078	-0.0036	-0.0173	-0.0241	-0.0085	-0.0121	-0.0010	-0.0049	0.1852
3	0.0015	0.0093	0.0080	0.0070	-0.0150	-0.0010	0.0092	-0.0470	0.0075	-0.0131	0.0374	-0.0325	0.0037	0.0083	-0.0064	-0.0181	-0.0510	0.0680	0.0111	0.0131	0.1840
77	-0.0098	-0.0030	-0.0073	-0.0050	-0.0018	-0.0124	0.1829	-0.0048	-0.0042	-0.0141	-0.0009	-0.0062	-0.0109	-0.0105	-0.0503	-0.0127	-0.0085	-0.0087	-0.0013	-0.0107	0.1829
146	-0.0027	0.0082	0.0064	-0.0494	0.0100	-0.0117	0.0081	0.0028	-0.0484	-0.0050	-0.0051	0.0159	-0.0000	-0.0218	0.1182	-0.0099	-0.0225	-0.0009	0.0096	-0.0017	0.1791
69	-0.0038	0.0079	0.0061	-0.0494	0.0099	-0.0245	0.0079	0.0007	-0.0486	-0.0061	0.0016	0.0216	-0.0007	-0.0054	0.1129	-0.0169	-0.0183	-0.0018	0.0088	-0.0018	0.1774
73	-0.0133	-0.0037	0.1765	-0.0126	-0.0026	-0.0295	-0.0064	-0.0054	-0.0048	-0.0114	-0.0017	-0.0144	-0.0082	-0.0044	-0.0169	-0.0128	-0.0088	-0.0118	-0.0021	-0.0057	0.1765
81	-0.0133	-0.0037	0.1765	-0.0126	-0.0026	-0.0295	-0.0064	-0.0054	-0.0048	-0.0114	-0.0017	-0.0144	-0.0082	-0.0044	-0.0169	-0.0128	-0.0088	-0.0118	-0.0021	-0.0057	0.1765
103	-0.0133	-0.0037	0.1765	-0.0126	-0.0026	-0.0295	-0.0064	-0.0054	-0.0048	-0.0114	-0.0017	-0.0144	-0.0082	-0.0044	-0.0169	-0.0128	-0.0088	-0.0118	-0.0021	-0.0057	0.1765
293	-0.0133	-0.0037	0.1765	-0.0126	-0.0026	-0.0295	-0.0064	-0.0054	-0.0048	-0.0114	-0.0017	-0.0144	-0.0082	-0.0044	-0.0169	-0.0128	-0.0088	-0.0118	-0.0021	-0.0057	0.1765
255	-0.0132	-0.0037	0.1762	-0.0126	-0.0026	-0.0294	-0.0064	-0.0054	-0.0048	-0.0114	-0.0017	-0.0144	-0.0082	-0.0044	-0.0169	-0.0128	-0.0088	-0.0118	-0.0021	-0.0057	0.1762
47	-0.0132	-0.0037	0.1761	-0.0126	-0.0026	-0.0294	-0.0064	-0.0054	-0.0048	-0.0114	-0.0017	-0.0143	-0.0082	-0.0044	-0.0169	-0.0128	-0.0088	-0.0117	-0.0021	-0.0057	0.1761
203	0.1711	-0.0029	-0.0246	-0.0039	0.0006	-0.0341	-0.0002	-0.0017	-0.0012	-0.0066	0.0013	-0.0005	-0.0059	-0.0009	-0.0177	-0.0514	-0.0103	-0.0129	0.0010	0.0008	0.1747
243	-0.0094	0.1745	-0.0034	-0.0045	-0.0038	-0.0159	-0.0024	-0.0043	-0.0037	-0.0107	-0.0005	-0.0028	-0.0074	-0.0034	-0.0503	-0.0196	-0.0080	-0.0082	-0.0041	-0.0120	0.1745
229	-0.0094	0.1744	-0.0034	-0.0045	-0.0038	-0.0158	-0.0024	-0.0043	-0.0037	-0.0108	-0.0005	-0.0027	-0.0073	-0.0033	-0.0503	-0.0197	-0.0080	-0.0082	-0.0041	-0.0122	0.1744
178	0.0012	0.0057	0.0051	0.0044	0.0065	-0.0003	0.0057	-0.0499	-0.0010	0.0833	-0.0332	0.0055	0.0019	0.0050	-0.0164	0.0391	-0.0210	-0.0518	0.0068	0.0035	0.1737
212	0.0266	0.0048	-0.0368	-0.0423	0.0060	-0.0517	0.0208	0.0033	-0.0111	-0.0025	0.0068	-0.0103	0.0004	0.0328	-0.0078	-0.0037	0.0000	-0.0065	0.0065	0.0645	0.1726
193	-0.0101	0.1718	-0.0042	-0.0053	-0.0046	-0.0165	-0.0033	-0.0051	-0.0045	-0.0114	-0.0014	-0.0036	-0.0081	-0.0042	-0.0341	-0.0201	-0.0087	-0.0089	-0.0049	-0.0127	0.1718
218	-0.0214	0.0051	0.0120	0.0002	0.0008	-0.0514	-0.0069	0.0004	0.0016	-0.0099	0.0064	0.0019	-0.0110	0.0268	-0.0503	0.1103	-0.0059	-0.0101	0.0058	-0.0047	0.1715
22	-0.0333	0.0049	-0.0001	-0.0414	0.0059	-0.0517	0.0048	0.0030	-0.0085	0.0372	0.0066	0.0047	-0.0051	0.0337	-0.0076	-0.0079	0.0600	-0.0154	0.0064	0.0037	0.1709
309	-0.0508	0.0038	-0.0071	0.0012	0.0049	-0.0232	0.0036	0.0344	0.0026	-0.0049	0.0058	0.0035	0.1020	0.0030	-0.0097	-0.0190	-0.0493	-0.0061	0.0055	-0.0003	0.1704
162	-0.0043	0.0033	0.0023	-0.0157	0.0723	-0.0070	-0.0101	0.0013	0.0312	0.0504	0.0029	-0.0006	-0.0132	-0.0489	-0.0503	-0.0074	-0.0047	-0.0042	0.0052	-0.0023	0.1689
31	-0.0004	0.0062	0.0055	0.0043	0.0239	-0.0024	0.0038	0.0360	0.0048	-0.0509	-0.0381	0.0061	-0.0480	0.0221	-0.0290	0.0160	0.0002	0.0320	0.0079	0.0000	0.1688
215	0.0209	0.0049	-0.0474	0.0478	0.0058	-0.0517	-0.0027	0.0027	0.0637	-0.0015	0.0065	-0.0442	0.0009	0.0040	-0.0060	-0.0059	-0.0005	-0.0060	0.0062	0.0024	0.1658
61	-0.0088	-0.0022	-0.0030	-0.0169	-0.0010	-0.0111	-0.0021	-0.0044	0.1648	-0.0101	-0.0022	-0.0081	-0.0068	-0.0059	-0.0503	-0.0114	-0.0105	-0.0077	-0.0005	-0.0017	0.1648
80	-0.0087	-0.0022	-0.0030	-0.0168	-0.0011	-0.0111	-0.0021	-0.0040	0.1648	-0.0100	-0.0026	-0.0081	-0.0068	-0.0059	-0.0503	-0.0114	-0.0105	-0.0076	-0.0006	-0.0017	0.1648
56	-0.0087	-0.0021	-0.0030	-0.0165	-0.0010	-0.0111	-0.0020	-0.0047	0.1636	-0.0100	-0.0019	-0.0079	-0.0068	-0.0058	-0.0503	-0.0114	-0.0105	-0.0076	-0.0005	-0.0017	0.1636
332	-0.0096	-0.0033	-0.0041	-0.0051	-0.0047	-0.0119	-0.0032	0.1630	-0.0045	-0.0142	-0.0050	-0.0065	-0.0077	-0.0040	-0.0162	-0.0162	-0.0195	-0.0228	-0.0017	-0.0028	0.1630
300	-0.0096	-0.0033	-0.0041	-0.0051	-0.0048	-0.0118	-0.0032	0.1628	-0.0044	-0.0141	-0.0048	-0.0066	-0.0077	-0.0040	-0.0161	-0.0163	-0.0195	-0.0229	-0.0017	-0.0028	0.1628
319	-0.0063	-0.0014	0.0030	0.0488	0.0054	-0.0352	0.0036	-0.0034	-0.0013	-0.0057	0.0065	0.0844	-0.0018	0.0020	-0.0503	-0.0428	-0.0087	-0.0047	0.0060	0.0018	0.1615
148	-0.0095	-0.0033	-0.0041	-0.0051	-0.0047	-0.0118	-0.0032	0.1609	-0.0044	-0.0140	-0.0047	-0.0065	-0.0077	-0.0040	-0.0161	-0.0162	-0.0191	-0.0223	-0.0017	-0.0028	0.1609
232	-0.0125	-0.0031	-0.0098	0.1596	-0.0020	-0.0290	-0.0030	-0.0047	-0.0154	-0.0105	-0.0012	-0.0033	-0.0075	-0.0068	-0.0158	-0.0119	-0.0081	-0.0111	-0.0015	-0.0026	0.1596
99	-0.0125	-0.0031	-0.0098	0.1596	-0.0020	-0.0290	-0.0030	-0.0047	-0.0154	-0.0105	-0.0012	-0.0033	-0.0075	-0.0068	-0.0158	-0.0119	-0.0081	-0.0111	-0.0015	-0.0026	0.1596
55	-0.0125	-0.0031	-0.0098	0.1596	-0.0020	-0.0290	-0.0030	-0.0047	-0.0154	-0.0105	-0.0012	-0.0033	-0.0075	-0.0068	-0.0158	-0.0119	-0.0081	-0.0111	-0.0015	-0.0026	0.1596
34	-0.0125	-0.0031	-0.0097	0.1596	-0.0020	-0.0290	-0.0030	-0.0047	-0.0154	-0.0105	-0.0012	-0.0033	-0.0075	-0.0068	-0.0158	-0.0119	-0.0081	-0.0111	-0.0015	-0.0026	0.1596
71	-0.0125	-0.0031	-0.0097	0.1596	-0.0020	-0.0290	-0.0030	-0.0047	-0.0154	-0.0105	-0.0012	-0.0033	-0.0075	-0.0068	-0.0158	-0.0119	-0.0081	-0.0111	-0.0015	-0.0026	0.1596
62	-0.0125	-0.0031	-0.0097	0.1596	-0.0020	-0.0290	-0.0030	-0.0047	-0.0154	-0.0105	-0.0012	-0.0033	-0.0075	-0.0068	-0.0158	-0.0119	-0.0081	-0.0111	-0.0015	-0.0026	0.1596
64	-0.0125	-0.0031	-0.0097	0.1595	-0.0020	-0.0290	-0.0030	-0.0047	-0.0154	-0.0105	-0.0012	-0.0033	-0.0075	-0.0068	-0.0158	-0.0119	-0.0081	-0.0111	-0.0015	-0.0026	0.1595
240	-0.0125	-0.0031	-0.0097	0.1589	-0.0020	-0.0287	-0.0030	-0.0047	-0.0153	-0.0105	-0.0012	-0.0033	-0.0075	-0.0067	-0.0158	-0.0119	-0.0081	-0.0110	-0.0015	-0.0026	0.1589
256	-0.0513	-0.0503	0.0035	-0.0027	0.0061	0.0593	0.0064	0.0049	0.0055	0.0001	0.0077	0.0061	0.0014	0.0057	-0.0503	0.0479	-0.0013	-0.0029	0.0043	0.0000	0.1588
205	-0.0125	-0.0031	-0.0097	0.1586	-0.0020	-0.0285	-0.0030	-0.0047	-0.0152	-0.0105	-0.0012	-0.0033	-0.0075	-0.0067	-0.0158	-0.0118	-0.0081	-0.0110	-0.0015	-0.0026	0.1586
144	-0.0133	0.0004	-0.0155	-0.0259	0.0015	-0.0517	0.0002	-0.0013	0.0243	-0.0074	0.0023	0.0002	-0.0043	0.1247	-0.0133	-0.0086	-0.0047	-0.0111	0.0020	0.0014	0.1571
252	-0.0518	-0.0028	0.0175	0.0178	-0.0025	-0.0092	-0.0027	-0.0056	-0.0037	0.0327	0.0299	-0.0029	-0.0062	-0.0032	-0.0083	0.0143	0.0443	-0.0517	-0.0020	-0.0038	0.1564
2	-0.0020	0.0054	0.0024	-0.0043	-0.0011	-0.0394	0.0055	0.0340	0.0044	0.0099	-0.0498	0.0050	0.0006	0.0047	-0.0069	0.0728	-0.0008	-0.0505	0.0070	0.0033	0.1549
30	-0.0127	-0.0007	-0.0460	0.0475	0.0054	-0.0371	0.0307	0.0022	0.0023	-0.0042	0.0063	0.0265	-0.0009	0.0029	0.0237	-0.0400	-0.0015	-0.0101	0.0059	-0.0003	0.1536
296	-0.0086	-0.0019	-0.0028	-0.0075	-0.0008	-0.0110	-0.0076	-0.0037	-0.0063	-0.0129	0.0000	-0.0022	-0.0099	0.1533	-0.0503	-0.0113	-0.0073	-0.0075	-0.0003	-0.0014	0.1533
310	-0.0086	-0.0019	-0.0028	-0.0075	-0.0008	-0.0110	-0.0076	-0.0037	-0.0063	-0.0128	0.0000	-0.0022	-0.0099	0.1533	-0.0503	-0.0113	-0.0073	-0.0075	-0.0003	-0.0014	0.1533
253	-0.0024	0.0059	0.0049	0.0034	0.0061	-0.0045	0.0056	0.0641	-0.0053	0.0287	-0.0497	0.0053	-0.0044	0.0038	-0.0291	-0.0049	-0.0510	0.0178	0.0077	-0.0020	0.1533
338	-0.0086	-0.0019	-0.0028	-0.0075	-0.0008	-0.0110	-0.0076	-0.0037	-0.0063	-0.0128	0.0000	-0.0022	-0.0098	0.1531	-0.0503	-0.0113	-0.0073	-0.0075	-0.0003	-0.0014	0.1532
257	-0.0086	-0.0020	-0.0028	-0.0075	-0.0008	-0.0110	-0.0076	-0.0037	-0.0063	-0.0128	0.0000	-0.0022	-0.0098	0.1531	-0.0503	-0.0113	-0.0073	-0.0075	-0.0003	-0.0014	0.1531
199	-0.0086	-0.0019	-0.0028	-0.0075	-0.0008	-0.0110	-0.0075	-0.0037	-0.0063	-0.0127	0.0001	-0.0022	-0.0098	0.1527	-0.0503	-0.0113	-0.0073	-0.0074	-0.0003	-0.0014	0.1527
176	-0.0026	0.0033	0.0029	-0.0270	0.0051	0.0251	0.0081	0.0022	0.0470	-0.0107	0.0046	0.0027	-0.0086	-0.0468	-0.0441	-0.0077	-0.0028	-0.0015	0.0034	0.0476	0.1519
186	-0.0085	-0.0019	-0.0027	-0.0073	-0.0008	-0.0109	-0.0073	-0.0036	-0.0061	-0.0127	0.0001	-0.0021	-0.0096	0.1514	-0.0503	-0.0112	-0.0072	-0.0074	-0.0002	-0.0014	0.1515
326	0.0365	-0.0005	-0.0482	-0.0007	0.0014	-0.0095	-0.0033	-0.0056	-0.0095	-0.0044	0.0019	-0.0490	-0.0025	0.0001	-0.0122	0.1019	0.0069	-0.0031	0.0017	-0.0019	0.1504
89	0.0818	-0.0042	-0.0459	0.0016	0.0050	-0.0496	0.0040	0.0022	0.0028	-0.0037	0.0059	0.0372	-0.0009	0.0031	-0.0262	-0.0050	-0.0023	-0.0121	0.0055	0.0008	0.1498
85	-0.0469	0.0443	0.0021	-0.0035	-0.0167	-0.0135	0.0038	0.0283	0.0023	0.0149	0.0396	0.0035	-0.0060	0.0030	-0.0094	0.0010	-0.0041	-0.0493	0.0052	0.0013	0.1493
288	0.0296	0.0079	0.0080	-0.0419	0.0090	-0.0517	0.0079	0.0062	-0.0488	0.0005	0.0099	0.0075	0.0035	-0.0012	-0.0047	-0.0007	0.0029	0.0316	0.0095	0.0150	0.1490
65	-0.0037	-0.0015	-0.0113	0.0004	0.0025	-0.0059	-0.0478	-0.0002	-0.0011	0.0150	0.0042	0.1053	-0.0070	0.0178	-0.0503	-0.0122	-0.0036	-0.0027	0.0038	-0.0015	0.1489
140	-0.0046	-0.0030	0.0012	0.0002	0.0286	-0.0071	0.0021	-0.0042	0.0010	-0.0516	0.0043	0.0019	-0.0026	0.0014	-0.0116	-0.0514	-0.0033	-0.0090	0.0039	0.1039	0.1485
335	-0.0518	-0.0009	-0.0045	-0.0052	-0.0020	-0.0176	-0.0010	0.1412	-0.0021	-0.0179	-0.0054	-0.0013	-0.0053	-0.0017	-0.0138	-0.0095	-0.0057	0.0033	0.0004	0.0009	0.1458
100	-0.0016	0.0500	-0.0490	0.0023	0.0049	-0.0070	-0.0031	-0.0050	-0.0197	-0.0026	0.0056	-0.0456	0.0000	0.0033	-0.0107	0.0427	0.0273	-0.0006	0.0053	0.0037	0.1450
304	-0.0021	0.0036	-0.0459	0.0018	0.0047	-0.0047	0.0473	-0.0221	0.0178	-0.0032	0.0055	-0.0462	-0.0004	0.0028	-0.0089	0.0258	-0.0112	0.0305	0.0052	-0.0005	0.1450
169	-0.0025	0.0041	0.0031	0.0023	-0.0034	-0.0043	0.0041	-0.0464	0.0029	0.0181	0.0258	-0.0069	-0.0003	0.0033	-0.0083	-0.0215	-0.0510	0.0728	0.0056	0.0022	0.1445
194	-0.0034	0.0021	0.0014	0.0005	0.0022	-0.0052	0.0021	-0.0499	-0.0034	0.1022	-0.0297	0.0019	-0.0038	0.0009	-0.0170	-0.0065	-0.0229	0.0228	0.0031	0.0024	0.1417
147	-0.0062	-0.0038	0.0511	-0.0038	0.0015	-0.0455	-0.0007	-0.0054	-0.0008	-0.0060	0.0021	0.0732	-0.0034	-0.0002	0.0101	-0.0494	-0.0090	-0.0052	0.0018	-0.0006	0.1399
138	-0.0077	-0.0010	-0.0019	-0.0048	0.0002	-0.0517	-0.0010	-0.0060	0.1369	-0.0095	-0.0008	-0.0022	-0.0064	-0.0044	-0.0021	-0.0204	-0.0114	-0.0066	-0.0019	0.0028	0.1398
342	-0.0092	-0.0009	-0.0069	-0.0031	0.0001	-0.0156	-0.0008	-0.0027	-0.0019	-0.0081	0.0004	-0.0010	-0.0103	-0.0016	-0.0122	-0.0136	-0.0510	0.1369	0.0006	0.0007	0.1387
109	-0.0124	-0.0024	-0.0032	-0.0041	-0.0014	-0.0105	-0.0038	-0.0040	-0.0034	-0.0207	-0.0006	-0.0026	0.1368	-0.0049	-0.0195	-0.0225	-0.0107	-0.0073	-0.0009	-0.0019	0.1368
101	-0.0124	-0.0024	-0.0032	-0.0041	-0.0014	-0.0105	-0.0051	-0.0040	-0.0034	-0.0207	-0.0006	-0.0026	0.1367	-0.0036	-0.0195	-0.0225	-0.0107	-0.0073	-0.0009	-0.0019	0.1367
83	-0.0124	-0.0024	-0.0032	-0.0041	-0.0014	-0.0105	-0.0051	-0.0040	-0.0034	-0.0207	-0.0006	-0.0026	0.1367	-0.0036	-0.0195	-0.0225	-0.0107	-0.0073	-0.0009	-0.0019	0.1367
120	-0.0124	-0.0024	-0.0032	-0.0041	-0.0014	-0.0105	-0.0031	-0.0040	-0.0034	-0.0207	-0.0006	-0.0026	0.1367	-0.0056	-0.0195	-0.0225	-0.0107	-0.0073	-0.0009	-0.0019	0.1367
87	-0.0124	-0.0024	-0.0032	-0.0041	-0.0014	-0.0105	-0.0051	-0.0040	-0.0034	-0.0207	-0.0006	-0.0026	0.1367	-0.0036	-0.0195	-0.0225	-0.0107	-0.0073	-0.0009	-0.0019	0.1367
275	-0.0110	0.0003	0.1073	0.0220	0.0014	-0.0517	0.0001	-0.0014	-0.0195	-0.0073	0.0022	-0.0008	-0.0042	-0.0047	-0.0126	-0.0086	-0.0048	-0.0093	0.0019	0.0005	0.1359
307	0.0256	0.0224	-0.0004	0.0000	0.0035	-0.0440	0.0270	0.0001	-0.0010	-0.0131	0.0044	0.0020	-0.0108	0.0451	-0.0458	-0.0131	-0.0036	-0.0037	0.0018	0.0034	0.1354
187	-0.0030	0.0033	0.0024	0.0016	0.0455	-0.0048	0.0028	-0.0420	0.0023	0.0282	-0.0036	-0.0033	-0.0029	0.0026	-0.0093	-0.0146	-0.0510	0.0384	0.0048	0.0025	0.1344
261	-0.0240	-0.0022	-0.0029	-0.0039	-0.0012	-0.0101	-0.0021	-0.0123	-0.0040	-0.0091	-0.0012	-0.0049	-0.0097	-0.0029	-0.0150	-0.0173	0.1323	-0.0070	-0.0007	-0.0018	0.1323
301	-0.0240	-0.0022	-0.0029	-0.0039	-0.0012	-0.0101	-0.0021	-0.0125	-0.0043	-0.0091	-0.0011	-0.0046	-0.0097	-0.0029	-0.0154	-0.0168	0.1322	-0.0070	-0.0007	-0.0017	0.1322
48	-0.0239	-0.0022	-0.0030	-0.0039	-0.0012	-0.0101	-0.0021	-0.0112	-0.0044	-0.0092	-0.0020	-0.0045	-0.0097	-0.0029	-0.0157	-0.0166	0.1322	-0.0070	-0.0008	-0.0018	0.1322
154	-0.0240	-0.0022	-0.0029	-0.0039	-0.0012	-0.0100	-0.0021	-0.0130	-0.0038	-0.0091	-0.0006	-0.0050	-0.0096	-0.0029	-0.0148	-0.0175	0.1321	-0.0070	-0.0007	-0.0018	0.1321
225	-0.0239	-0.0022	-0.0029	-0.0038	-0.0012	-0.0101	-0.0021	-0.0130	-0.0033	-0.0091	-0.0006	-0.0056	-0.0096	-0.0029	-0.0141	-0.0183	0.1320	-0.0070	-0.0007	-0.0017	0.1320
91	-0.0239	-0.0022	-0.0029	-0.0038	-0.0011	-0.0100	-0.0021	-0.0132	-0.0032	-0.0091	-0.0005	-0.0056	-0.0096	-0.0029	-0.0140	-0.0184	0.1320	-0.0070	-0.0007	-0.0017	0.1320
60	-0.0239	-0.0022	-0.0029	-0.0038	-0.0011	-0.0100	-0.0021	-0.0133	-0.0032	-0.0091	-0.0004	-0.0056	-0.0096	-0.0029	-0.0139	-0.0185	0.1320	-0.0070	-0.0007	-0.0017	0.1320
40	-0.0238	-0.0022	-0.0029	-0.0039	-0.0012	-0.0101	-0.0021	-0.0129	-0.0039	-0.0091	-0.0007	-0.0049	-0.0096	-0.0029	-0.0149	-0.0173	0.1319	-0.0070	-0.0007	-0.0017	0.1319
27	-0.0064	-0.0047	-0.0046	-0.0049	0.0695	-0.0072	-0.0053	0.0168	-0.0047	-0.0516	-0.0041	-0.0044	-0.0071	0.0139	-0.0105	0.0120	-0.0060	-0.0077	0.0196	-0.0029	0.1319
127	-0.0238	-0.0022	-0.0029	-0.0038	-0.0011	-0.0100	-0.0021	-0.0132	-0.0032	-0.0091	-0.0004	-0.0056	-0.0096	-0.0029	-0.0139	-0.0184	0.1317	-0.0070	-0.0007	-0.0017	0.1317
216	-0.0082	-0.0018	-0.0026	-0.0036	-0.0018	-0.0105	-0.0017	-0.0102	-0.0040	0.0185	0.1125	-0.0020	-0.0166	-0.0053	-0.0213	-0.0130	-0.0104	-0.0162	-0.0008	-0.0013	0.1310
9	-0.0031	0.0029	0.0021	-0.0494	0.0038	-0.0062	0.0029	0.0006	-0.0379	0.0736	-0.0020	0.0280	-0.0019	-0.0112	0.0109	-0.0060	-0.0107	-0.0024	0.0034	0.0026	0.1308
5	-0.0405	0.0030	0.0022	-0.0090	0.0002	-0.0197	0.0031	-0.0032	0.0018	0.0322	0.0129	0.0028	-0.0015	0.0022	-0.0091	0.0310	0.0338	-0.0478	0.0045	0.0011	0.1307
72	-0.0202	-0.0023	-0.0038	-0.0066	-0.0019	-0.0144	-0.0022	-0.0068	-0.0033	-0.0153	-0.0080	-0.0025	-0.0063	-0.0030	-0.0140	-0.0104	-0.0069	0.1307	-0.0009	-0.0019	0.1307
217	-0.0202	-0.0023	-0.0034	-0.0070	-0.0016	-0.0144	-0.0022	-0.0064	-0.0033	-0.0157	-0.0084	-0.0025	-0.0063	-0.0030	-0.0140	-0.0104	-0.0069	0.1306	-0.0009	-0.0018	0.1306
142	-0.0069	-0.0009	-0.0048	-0.0047	0.0002	-0.0093	0.1181	-0.0025	-0.0038	-0.0124	0.0010	-0.0038	-0.0100	-0.0430	0.0109	-0.0093	-0.0057	-0.0059	0.0003	-0.0076	0.1305
264	-0.0202	-0.0023	-0.0054	-0.0048	-0.0032	-0.0144	-0.0022	-0.0138	-0.0033	-0.0135	-0.0018	-0.0025	-0.0063	-0.0029	-0.0140	-0.0104	-0.0069	0.1304	-0.0008	-0.0018	0.1304
75	-0.0202	-0.0023	-0.0059	-0.0043	-0.0036	-0.0144	-0.0022	-0.0142	-0.0033	-0.0130	-0.0015	-0.0025	-0.0063	-0.0029	-0.0139	-0.0104	-0.0069	0.1304	-0.0008	-0.0018	0.1304
192	-0.0103	0.0001	0.1022	0.0228	0.0012	-0.0517	-0.0011	-0.0016	-0.0105	-0.0075	0.0021	-0.0044	-0.0044	-0.0033	-0.0126	-0.0088	-0.0050	-0.0088	0.0017	-0.0005	0.1303
76	-0.0201	-0.0022	-0.0060	-0.0042	-0.0037	-0.0144	-0.0022	-0.0150	-0.0032	-0.0129	-0.0010	-0.0024	-0.0063	-0.0029	-0.0139	-0.0103	-0.0068	0.1302	-0.0008	-0.0018	0.1302
105	-0.0201	-0.0022	-0.0062	-0.0040	-0.0038	-0.0143	-0.0022	-0.0151	-0.0032	-0.0127	-0.0009	-0.0024	-0.0063	-0.0029	-0.0139	-0.0103	-0.0068	0.1302	-0.0008	-0.0018	0.1302
163	-0.0045	0.0027	-0.0007	0.0368	0.0037	-0.0108	0.0379	0.0010	-0.0122	-0.0369	0.0044	0.0024	-0.0090	-0.0480	0.0021	-0.0054	-0.0020	0.0349	0.0041	-0.0004	0.1299
226	-0.0114	-0.0022	-0.0030	-0.0048	-0.0023	-0.0114	-0.0021	-0.0044	-0.0032	-0.0072	-0.0071	-0.0024	-0.0207	-0.0063	-0.0193	-0.0120	-0.0068	0.1295	-0.0013	-0.0018	0.1295
111	-0.0047	-0.0044	-0.0058	-0.0003	0.0152	-0.0069	0.0638	-0.0040	-0.0027	0.0288	0.0034	0.0147	-0.0032	0.0003	-0.0120	-0.0514	-0.0048	-0.0066	0.0031	-0.0225	0.1292
311	-0.0061	0.0031	-0.0006	0.0014	0.0030	-0.0119	0.0031	-0.0019	-0.0042	0.0129	-0.0479	0.0029	0.0391	0.0421	0.0162	-0.0067	-0.0032	-0.0465	0.0038	0.0016	0.1290
224	-0.0102	0.0008	0.0891	0.0299	0.0019	-0.0517	0.0007	-0.0009	-0.0181	-0.0068	0.0027	-0.0001	-0.0037	-0.0041	-0.0120	-0.0081	-0.0043	-0.0086	0.0024	0.0011	0.1285
1	-0.0035	0.0460	0.0017	0.0005	0.0033	-0.0517	0.0023	-0.0057	0.0373	-0.0051	0.0034	0.0020	-0.0027	0.0222	-0.0497	0.0073	-0.0038	-0.0021	0.0024	-0.0040	0.1283
164	-0.0105	0.0008	0.0856	-0.0093	0.0019	-0.0517	-0.0002	-0.0008	-0.0157	-0.0064	0.0026	-0.0031	-0.0035	-0.0036	-0.0114	-0.0077	-0.0040	0.0323	0.0024	0.0024	0.1280
222	-0.0091	0.0012	0.0699	-0.0098	0.0024	-0.0517	0.0468	-0.0005	0.0001	-0.0064	0.0032	-0.0129	-0.0033	0.0004	-0.0118	-0.0077	-0.0039	-0.0075	0.0029	-0.0023	0.1269
277	-0.0051	0.0012	0.0004	-0.0006	0.0023	-0.0072	0.0013	-0.0499	-0.0037	-0.0140	0.0802	0.0010	-0.0032	0.0004	-0.0168	-0.0075	-0.0173	0.0337	0.0028	0.0020	0.1253
123	-0.0067	-0.0040	-0.0019	-0.0028	-0.0002	-0.0261	-0.0011	-0.0055	-0.0022	-0.0078	0.0005	-0.0130	-0.0051	-0.0019	-0.0310	0.1244	-0.0088	-0.0058	0.0002	-0.0008	0.1250
266	-0.0067	-0.0040	-0.0019	-0.0028	-0.0003	-0.0260	-0.0011	-0.0055	-0.0022	-0.0078	0.0004	-0.0130	-0.0051	-0.0019	-0.0311	0.1244	-0.0089	-0.0058	0.0002	-0.0008	0.1250
244	-0.0067	-0.0040	-0.0019	-0.0028	-0.0003	-0.0260	-0.0012	-0.0055	-0.0022	-0.0078	0.0004	-0.0130	-0.0051	-0.0019	-0.0310	0.1244	-0.0089	-0.0058	0.0002	-0.0008	0.1250
128	-0.0067	-0.0040	-0.0019	-0.0028	-0.0003	-0.0259	-0.0012	-0.0055	-0.0022	-0.0078	0.0004	-0.0130	-0.0051	-0.0019	-0.0309	0.1241	-0.0089	-0.0058	0.0002	-0.0008	0.1247
110	-0.0053	0.0014	0.0005	-0.0263	0.0026	-0.0077	0.0015	-0.0038	0.0273	-0.0066	0.0029	0.0402	-0.0033	0.0422	-0.0503	-0.0081	-0.0088	-0.0042	0.0031	0.0025	0.1243
272	-0.0041	-0.0051	0.0018	0.0010	0.0041	0.0242	0.0029	-0.0078	0.0016	-0.0048	0.0050	0.0340	-0.0019	0.0021	-0.0503	-0.0480	0.0414	-0.0025	0.0046	0.0016	0.1243
66	0.1240	-0.0020	-0.0045	-0.0052	-0.0010	-0.0141	-0.0019	-0.0035	-0.0030	-0.0088	-0.0002	-0.0022	-0.0094	-0.0027	-0.0134	-0.0132	-0.0197	-0.0171	-0.0005	-0.0016	0.1240
312	0.1240	-0.0020	-0.0051	-0.0046	-0.0010	-0.0141	-0.0019	-0.0035	-0.0030	-0.0088	-0.0002	-0.0022	-0.0094	-0.0027	-0.0134	-0.0132	-0.0197	-0.0171	-0.0005	-0.0016	0.1240
313	0.1240	-0.0020	-0.0051	-0.0046	-0.0010	-0.0141	-0.0019	-0.0035	-0.0030	-0.0088	-0.0002	-0.0022	-0.0094	-0.0027	-0.0134	-0.0132	-0.0197	-0.0171	-0.0005	-0.0016	0.1240
104	0.1240	-0.0020	-0.0058	-0.0039	-0.0010	-0.0141	-0.0019	-0.0035	-0.0030	-0.0088	-0.0002	-0.0022	-0.0094	-0.0027	-0.0134	-0.0132	-0.0197	-0.0171	-0.0005	-0.0016	0.1240
302	0.1240	-0.0020	-0.0059	-0.0039	-0.0010	-0.0141	-0.0019	-0.0035	-0.0030	-0.0088	-0.0002	-0.0022	-0.0094	-0.0027	-0.0134	-0.0132	-0.0197	-0.0171	-0.0005	-0.0016	0.1240
134	0.1240	-0.0020	-0.0061	-0.0037	-0.0010	-0.0141	-0.0019	-0.0035	-0.0030	-0.0088	-0.0002	-0.0022	-0.0094	-0.0027	-0.0134	-0.0132	-0.0197	-0.0171	-0.0005	-0.0016	0.1240
94	0.1240	-0.0020	-0.0061	-0.0037	-0.0010	-0.0141	-0.0019	-0.0035	-0.0030	-0.0088	-0.0002	-0.0022	-0.0094	-0.0027	-0.0134	-0.0132	-0.0197	-0.0171	-0.0005	-0.0016	0.1240
336	0.1239	-0.0020	-0.0032	-0.0065	-0.0010	-0.0141	-0.0019	-0.0035	-0.0030	-0.0088	-0.0002	-0.0022	-0.0094	-0.0027	-0.0134	-0.0132	-0.0196	-0.0171	-0.0005	-0.0016	0.1239
329	0.1239	-0.0020	-0.0060	-0.0038	-0.0010	-0.0141	-0.0019	-0.0035	-0.0030	-0.0088	-0.0002	-0.0022	-0.0094	-0.0027	-0.0134	-0.0132	-0.0196	-0.0171	-0.0005	-0.0016	0.1239
321	0.1239	-0.0020	-0.0061	-0.0037	-0.0010	-0.0141	-0.0019	-0.0035	-0.0030	-0.0088	-0.0002	-0.0022	-0.0094	-0.0027	-0.0134	-0.0132	-0.0196	-0.0171	-0.0005	-0.0016	0.1239
172	-0.0503	0.0018	-0.0024	0.0209	0.0027	-0.0230	0.0018	-0.0016	0.0004	-0.0064	0.0025	0.0015	-0.0122	0.0010	-0.0103	-0.0159	0.0224	0.0653	0.0032	-0.0014	0.1236
189	-0.0035	-0.0017	-0.0047	0.0013	0.0036	0.0323	-0.0489	-0.0016	0.0017	0.0107	0.0051	0.0362	0.0103	0.0087	-0.0066	-0.0491	-0.0048	-0.0025	0.0048	0.0087	0.1234
201	0.1233	-0.0020	-0.0061	-0.0036	-0.0010	-0.0140	-0.0019	-0.0035	-0.0030	-0.0088	-0.0003	-0.0022	-0.0094	-0.0027	-0.0135	-0.0131	-0.0194	-0.0169	-0.0006	-0.0015	0.1233
314	-0.0088	0.0013	-0.0066	0.0631	0.0024	-0.0517	0.0009	-0.0004	-0.0141	-0.0065	0.0032	0.0010	-0.0035	0.0464	-0.0124	-0.0076	-0.0039	-0.0073	0.0029	0.0017	0.1228
211	-0.0058	0.0007	-0.0003	0.0356	0.0018	-0.0084	-0.0104	-0.0011	0.0771	-0.0124	0.0026	0.0003	-0.0098	-0.0064	-0.0503	-0.0083	-0.0046	-0.0047	0.0023	0.0022	0.1225
196	0.1223	-0.0020	-0.0059	-0.0037	-0.0010	-0.0139	-0.0019	-0.0035	-0.0030	-0.0088	-0.0003	-0.0022	-0.0093	-0.0027	-0.0135	-0.0130	-0.0190	-0.0166	-0.0006	-0.0015	0.1223
279	-0.0499	0.0020	-0.0035	0.0003	0.0030	-0.0130	0.0021	-0.0049	0.0004	-0.0047	0.0037	0.0002	-0.0098	0.0013	0.0364	-0.0125	0.0688	-0.0235	0.0035	-0.0001	0.1219
327	-0.0054	0.0010	0.0002	-0.0184	0.0021	-0.0077	0.0010	-0.0028	0.0659	-0.0067	0.0019	-0.0065	-0.0036	0.0450	-0.0503	-0.0080	-0.0080	-0.0043	0.0026	0.0019	0.1215
26	-0.0518	-0.0006	-0.0147	-0.0058	0.0001	-0.0291	-0.0007	-0.0023	0.0277	-0.0047	0.0001	-0.0021	0.0217	-0.0014	-0.0076	0.0241	0.0384	0.0092	0.0003	-0.0007	0.1215
286	-0.0029	0.0029	0.0019	0.0478	0.0039	-0.0054	-0.0490	0.0014	0.0251	0.0205	0.0046	0.0027	-0.0109	-0.0444	0.0048	-0.0051	-0.0017	-0.0020	0.0043	0.0016	0.1214
108	-0.0059	0.0006	-0.0047	-0.0012	0.0018	-0.0083	0.0721	-0.0011	-0.0005	-0.0108	0.0027	-0.0034	-0.0080	-0.0091	-0.0503	-0.0086	-0.0046	-0.0048	0.0024	0.0417	0.1213
57	-0.0032	-0.0002	0.0022	0.0012	0.0042	-0.0517	0.0031	-0.0020	0.0019	-0.0044	0.0050	0.0409	-0.0014	0.0023	-0.0503	0.0531	-0.0059	-0.0022	0.0046	0.0028	0.1212
297	-0.0044	0.0012	-0.0004	-0.0001	0.0018	-0.0082	0.0155	-0.0005	0.0005	-0.0318	0.0373	0.0003	-0.0480	-0.0074	0.0187	-0.0083	-0.0033	-0.0078	0.0001	0.0447	0.1202
221	-0.0057	0.0006	-0.0046	-0.0012	0.0017	-0.0080	0.0731	-0.0011	-0.0005	-0.0107	0.0025	-0.0034	-0.0079	0.0401	-0.0503	-0.0083	-0.0044	-0.0046	0.0022	-0.0096	0.1201
268	-0.0091	0.0010	0.0693	-0.0095	0.0021	-0.0517	-0.0026	-0.0010	-0.0009	-0.0067	0.0029	0.0421	-0.0036	0.0002	-0.0120	-0.0091	-0.0045	-0.0075	0.0026	-0.0019	0.1201
292	-0.0088	0.0011	0.0099	0.0534	0.0022	-0.0517	-0.0002	-0.0012	-0.0118	-0.0065	0.0030	0.0472	-0.0034	-0.0022	-0.0117	-0.0106	-0.0047	-0.0073	0.0027	0.0004	0.1200
52	-0.0054	0.0010	0.0002	-0.0187	0.0021	-0.0077	0.0011	-0.0007	0.0662	-0.0066	-0.0002	-0.0066	-0.0035	0.0449	-0.0503	-0.0079	-0.0080	-0.0043	0.0026	0.0019	0.1200
161	-0.0092	0.0011	0.0432	0.0641	0.0022	-0.0517	0.0011	-0.0005	-0.0144	-0.0064	0.0030	0.0006	-0.0033	-0.0032	-0.0116	-0.0077	-0.0039	-0.0076	0.0027	0.0016	0.1197
213	-0.0066	0.0012	0.0003	-0.0009	-0.0033	-0.0075	0.0013	-0.0436	-0.0010	-0.0180	0.0476	-0.0058	-0.0031	0.0005	-0.0124	-0.0174	0.0139	0.0499	0.0027	0.0021	0.1196
15	-0.0042	0.0016	0.0009	-0.0001	0.0010	-0.0063	0.0017	0.0330	-0.0020	0.0748	-0.0087	-0.0003	-0.0025	0.0009	-0.0137	-0.0091	-0.0201	-0.0518	0.0031	0.0020	0.1189
195	-0.0070	-0.0169	-0.0060	-0.0026	0.0459	-0.0093	-0.0136	-0.0025	-0.0019	-0.0085	0.0011	-0.0048	-0.0052	-0.0015	-0.0134	-0.0138	-0.0058	-0.0060	0.0008	0.0708	0.1186
318	0.0134	0.0015	-0.0011	-0.0172	-0.0014	-0.0111	0.0015	0.0181	0.0003	0.0046	-0.0094	-0.0017	-0.0029	0.0422	-0.0107	-0.0107	0.0335	-0.0505	0.0030	-0.0013	0.1182
315	-0.0038	0.0016	0.0247	-0.0060	0.0027	-0.0070	-0.0039	-0.0048	-0.0473	-0.0048	0.0021	-0.0322	-0.0022	0.0241	0.0132	0.0185	0.0277	-0.0029	0.0030	-0.0026	0.1175
11	0.0334	-0.0001	-0.0006	-0.0080	0.0010	-0.0086	-0.0135	-0.0017	-0.0054	-0.0104	0.0423	-0.0003	-0.0071	-0.0206	-0.0216	-0.0089	-0.0052	-0.0054	0.0401	0.0004	0.1173
78	-0.0114	-0.0056	-0.0026	-0.0034	-0.0101	-0.0092	-0.0018	-0.0033	-0.0028	-0.0087	-0.0003	-0.0021	-0.0185	-0.0025	-0.0127	0.1168	-0.0098	-0.0064	-0.0007	-0.0048	0.1168
317	-0.0106	-0.0040	-0.0119	-0.0053	-0.0008	0.1166	-0.0017	-0.0032	-0.0027	-0.0083	-0.0001	-0.0019	-0.0056	-0.0024	-0.0199	-0.0207	-0.0062	-0.0093	-0.0008	-0.0014	0.1166
174	-0.0106	-0.0032	-0.0083	-0.0084	-0.0007	0.1164	-0.0016	-0.0031	-0.0027	-0.0083	-0.0000	-0.0019	-0.0056	-0.0024	-0.0254	-0.0162	-0.0061	-0.0093	-0.0013	-0.0013	0.1164
227	-0.0075	-0.0019	-0.0027	-0.0035	-0.0066	-0.0095	-0.0038	-0.0059	-0.0029	0.1163	-0.0012	-0.0021	-0.0176	-0.0038	-0.0178	-0.0104	-0.0064	-0.0107	-0.0006	-0.0015	0.1163
181	-0.0064	0.0012	-0.0024	0.0063	0.0022	0.0305	0.0250	0.0006	-0.0076	-0.0016	0.0464	0.0013	-0.0077	-0.0235	-0.0503	-0.0073	-0.0037	-0.0053	0.0026	-0.0003	0.1161
269	-0.0106	-0.0040	-0.0122	-0.0051	-0.0007	0.1160	-0.0016	-0.0032	-0.0027	-0.0083	-0.0000	-0.0019	-0.0056	-0.0024	-0.0196	-0.0210	-0.0061	-0.0093	-0.0003	-0.0013	0.1160
242	-0.0106	-0.0042	-0.0130	-0.0044	-0.0007	0.1160	-0.0016	-0.0032	-0.0027	-0.0083	-0.0000	-0.0019	-0.0056	-0.0024	-0.0185	-0.0222	-0.0061	-0.0093	-0.0003	-0.0012	0.1160
119	-0.0076	-0.0021	-0.0028	-0.0037	-0.0073	-0.0096	-0.0030	-0.0046	-0.0030	0.1158	-0.0026	-0.0022	-0.0111	-0.0032	-0.0155	-0.0161	-0.0065	-0.0108	-0.0026	-0.0016	0.1158
7	-0.0188	0.0003	-0.0001	0.0384	0.0013	-0.0082	0.0002	-0.0238	0.0008	-0.0073	0.0018	0.0361	0.0338	-0.0005	-0.0125	-0.0293	-0.0103	-0.0050	0.0018	0.0012	0.1157
86	-0.0074	-0.0019	-0.0026	-0.0035	-0.0056	-0.0094	-0.0035	-0.0057	-0.0029	0.1154	-0.0012	-0.0021	-0.0184	-0.0042	-0.0180	-0.0099	-0.0064	-0.0106	-0.0005	-0.0015	0.1154
41	-0.0518	0.0008	-0.0000	-0.0010	0.0019	-0.0076	0.0009	0.0792	-0.0028	-0.0067	0.0019	-0.0016	-0.0084	0.0000	-0.0152	-0.0158	0.0257	-0.0045	0.0023	0.0028	0.1154
157	-0.0065	-0.0008	-0.0009	0.0365	0.0011	-0.0164	-0.0009	-0.0020	-0.0045	-0.0125	0.0006	-0.0033	-0.0097	0.0466	-0.0352	-0.0099	-0.0071	-0.0054	0.0297	0.0005	0.1151
238	-0.0056	-0.0012	-0.0095	-0.0016	0.0429	-0.0082	-0.0345	-0.0014	-0.0008	-0.0145	0.0019	-0.0080	-0.0124	0.0240	0.0236	-0.0082	-0.0045	-0.0047	0.0016	0.0209	0.1150
200	-0.0102	-0.0021	-0.0050	-0.0110	-0.0003	0.1146	-0.0012	-0.0028	-0.0023	-0.0080	0.0004	-0.0015	-0.0052	-0.0020	-0.0339	-0.0125	-0.0058	-0.0089	-0.0016	-0.0009	0.1150
93	-0.0104	-0.0027	-0.0069	-0.0095	-0.0006	0.1144	-0.0015	-0.0031	-0.0026	-0.0082	0.0002	-0.0017	-0.0055	-0.0022	-0.0283	-0.0147	-0.0061	-0.0091	-0.0002	-0.0012	0.1146
191	-0.0096	0.0012	0.0395	0.0252	0.0023	-0.0517	0.0013	-0.0005	-0.0177	-0.0063	0.0027	0.0009	-0.0031	-0.0037	-0.0110	-0.0073	-0.0037	0.0370	0.0027	0.0015	0.1143
39	-0.0115	-0.0045	-0.0026	-0.0034	-0.0073	-0.0091	-0.0018	-0.0033	-0.0028	-0.0113	-0.0002	-0.0020	-0.0186	-0.0025	-0.0127	0.1143	-0.0098	-0.0064	-0.0005	-0.0038	0.1143
265	-0.0061	0.0038	-0.0016	-0.0013	0.0008	-0.0122	-0.0029	-0.0011	-0.0005	-0.0100	0.0027	-0.0008	-0.0041	-0.0001	-0.0503	-0.0134	-0.0048	-0.0050	0.0539	0.0528	0.1140
58	-0.0075	-0.0019	-0.0026	-0.0035	-0.0046	-0.0094	-0.0031	-0.0048	-0.0029	0.1138	-0.0021	-0.0021	-0.0177	-0.0045	-0.0178	-0.0102	-0.0064	-0.0106	-0.0007	-0.0014	0.1138
70	-0.0057	0.0008	0.0352	-0.0015	0.0019	-0.0083	-0.0033	-0.0047	0.0385	-0.0068	0.0027	0.0317	-0.0037	-0.0000	-0.0123	-0.0514	-0.0088	-0.0046	0.0024	-0.0025	0.1134
324	-0.0076	-0.0020	-0.0027	-0.0036	-0.0049	-0.0095	-0.0023	-0.0039	-0.0030	0.1131	-0.0032	-0.0022	-0.0117	-0.0041	-0.0157	-0.0156	-0.0065	-0.0108	-0.0023	-0.0016	0.1131
333	-0.0075	-0.0019	-0.0026	-0.0035	-0.0038	-0.0095	-0.0027	-0.0043	-0.0029	0.1131	-0.0027	-0.0021	-0.0168	-0.0048	-0.0175	-0.0110	-0.0064	-0.0107	-0.0010	-0.0015	0.1131
43	-0.0095	0.0008	0.0639	-0.0009	0.0019	-0.0517	-0.0029	-0.0009	0.0412	-0.0068	0.0027	-0.0025	-0.0037	0.0000	-0.0120	-0.0081	-0.0043	-0.0080	0.0024	-0.0020	0.1130
241	-0.0092	-0.0008	-0.0036	-0.0104	0.0009	0.1090	-0.0000	-0.0016	-0.0011	-0.0069	0.0016	-0.0003	-0.0042	-0.0008	-0.0503	-0.0111	-0.0047	-0.0079	0.0012	0.0003	0.1130
116	-0.0075	-0.0019	-0.0026	-0.0035	-0.0034	-0.0094	-0.0025	-0.0059	-0.0029	0.1125	-0.0011	-0.0021	-0.0171	-0.0049	-0.0176	-0.0108	-0.0064	-0.0107	-0.0008	-0.0014	0.1125
220	-0.0076	-0.0020	-0.0027	-0.0036	-0.0042	-0.0095	-0.0020	-0.0038	-0.0030	0.1123	-0.0033	-0.0022	-0.0117	-0.0043	-0.0157	-0.0156	-0.0065	-0.0108	-0.0024	-0.0015	0.1123
305	-0.0133	-0.0014	-0.0035	-0.0036	-0.0032	-0.0119	-0.0014	0.0912	-0.0027	-0.0138	-0.0039	-0.0038	-0.0057	-0.0022	-0.0140	-0.0127	-0.0141	0.0209	0.0001	-0.0010	0.1122
323	-0.0075	-0.0020	-0.0027	-0.0036	-0.0054	-0.0095	-0.0020	-0.0042	-0.0030	0.1121	-0.0029	-0.0022	-0.0095	-0.0037	-0.0148	-0.0182	-0.0064	-0.0108	-0.0025	-0.0015	0.1121
214	-0.0075	-0.0020	-0.0027	-0.0036	-0.0039	-0.0095	-0.0019	-0.0036	-0.0030	0.1121	-0.0035	-0.0022	-0.0118	-0.0045	-0.0158	-0.0154	-0.0065	-0.0108	-0.0023	-0.0015	0.1121
316	-0.0075	-0.0019	-0.0026	-0.0036	-0.0032	-0.0095	-0.0022	-0.0038	-0.0029	0.1121	-0.0032	-0.0021	-0.0155	-0.0050	-0.0171	-0.0120	-0.0064	-0.0107	-0.0013	-0.0015	0.1121
258	-0.0075	-0.0019	-0.0026	-0.0035	-0.0029	-0.0095	-0.0023	-0.0042	-0.0029	0.1119	-0.0028	-0.0021	-0.0165	-0.0051	-0.0174	-0.0113	-0.0064	-0.0107	-0.0010	-0.0015	0.1119
136	-0.0074	-0.0019	-0.0026	-0.0035	-0.0025	-0.0094	-0.0023	-0.0041	-0.0029	0.1117	-0.0028	-0.0021	-0.0176	-0.0053	-0.0178	-0.0105	-0.0063	-0.0107	-0.0007	-0.0014	0.1117
67	-0.0074	-0.0019	-0.0026	-0.0035	-0.0024	-0.0094	-0.0021	-0.0038	-0.0029	0.1113	-0.0031	-0.0021	-0.0169	-0.0053	-0.0176	-0.0110	-0.0064	-0.0107	-0.0009	-0.0014	0.1113
322	0.0078	-0.0013	0.0312	-0.0012	-0.0021	0.0030	0.0002	0.0011	0.0056	-0.0002	-0.0022	-0.0492	-0.0007	-0.0016	0.0562	-0.0501	0.0055	-0.0006	-0.0022	0.0007	0.1113
10	-0.0049	0.0119	0.0003	-0.0007	0.0020	-0.0267	0.0011	-0.0037	-0.0000	-0.0060	0.0028	-0.0119	-0.0032	0.0003	-0.0503	0.0814	0.0084	-0.0039	0.0025	0.0005	0.1112
267	-0.0075	-0.0019	-0.0026	-0.0035	-0.0023	-0.0095	-0.0020	-0.0045	-0.0029	0.1112	-0.0025	-0.0021	-0.0161	-0.0053	-0.0173	-0.0116	-0.0064	-0.0107	-0.0011	-0.0015	0.1112
79	-0.0074	-0.0019	-0.0026	-0.0035	-0.0021	-0.0094	-0.0020	-0.0036	-0.0029	0.1110	-0.0034	-0.0021	-0.0165	-0.0054	-0.0175	-0.0112	-0.0064	-0.0107	-0.0010	-0.0014	0.1110
295	0.0053	0.0011	-0.0016	-0.0024	0.0002	-0.0120	0.0008	-0.0152	-0.0000	0.0120	-0.0036	0.0009	0.0518	-0.0015	-0.0140	-0.0140	0.0352	-0.0465	0.0026	0.0011	0.1109
223	0.0286	0.0317	-0.0008	0.0069	0.0016	-0.0035	0.0291	-0.0012	-0.0023	-0.0220	0.0024	0.0002	0.0071	-0.0001	-0.0402	-0.0251	-0.0094	-0.0062	0.0019	0.0012	0.1108
239	-0.0075	-0.0019	-0.0026	-0.0035	-0.0020	-0.0094	-0.0018	-0.0034	-0.0029	0.1107	-0.0036	-0.0021	-0.0162	-0.0055	-0.0173	-0.0115	-0.0064	-0.0107	-0.0011	-0.0014	0.1107
118	0.0297	0.0002	0.0001	-0.0008	0.0004	-0.0103	0.0003	-0.0196	-0.0002	-0.0395	0.0024	-0.0057	-0.0093	0.0002	-0.0204	-0.0049	0.0193	0.0540	0.0024	0.0015	0.1107
63	-0.0074	-0.0018	-0.0025	-0.0034	-0.0016	-0.0094	-0.0019	-0.0038	-0.0028	0.1105	-0.0030	-0.0020	-0.0183	-0.0057	-0.0180	-0.0100	-0.0063	-0.0106	-0.0005	-0.0014	0.1105
150	-0.0091	-0.0003	-0.0015	-0.0131	0.0009	0.1072	0.0000	-0.0016	-0.0011	-0.0069	0.0017	-0.0003	-0.0041	-0.0008	-0.0503	-0.0089	-0.0047	-0.0078	0.0002	0.0004	0.1103
262	-0.0092	-0.0003	-0.0017	-0.0128	0.0010	0.1058	0.0000	-0.0016	-0.0010	-0.0069	0.0017	-0.0002	-0.0041	-0.0007	-0.0503	-0.0091	-0.0046	-0.0078	0.0013	0.0004	0.1103
202	-0.0075	-0.0019	-0.0026	-0.0036	-0.0028	-0.0095	-0.0019	-0.0044	-0.0029	0.1101	-0.0026	-0.0021	-0.0140	-0.0050	-0.0166	-0.0131	-0.0064	-0.0107	-0.0010	-0.0015	0.1101
274	-0.0073	-0.0015	-0.0022	-0.0182	-0.0004	-0.0097	-0.0050	-0.0031	-0.0103	-0.0103	-0.0018	-0.0066	-0.0076	0.0906	0.0195	-0.0098	-0.0089	-0.0063	-0.0001	-0.0010	0.1101
170	-0.0074	-0.0018	-0.0025	-0.0034	-0.0011	-0.0094	-0.0018	-0.0034	-0.0028	0.1099	-0.0033	-0.0020	-0.0185	-0.0059	-0.0181	-0.0099	-0.0063	-0.0106	-0.0005	-0.0014	0.1099
143	-0.0074	-0.0018	-0.0025	-0.0034	-0.0013	-0.0094	-0.0018	-0.0037	-0.0028	0.1099	-0.0031	-0.0020	-0.0178	-0.0057	-0.0179	-0.0103	-0.0063	-0.0106	-0.0004	-0.0014	0.1099
42	-0.0091	-0.0000	-0.0008	-0.0142	0.0010	0.1068	0.0000	-0.0015	-0.0010	-0.0068	0.0017	-0.0002	-0.0040	-0.0007	-0.0503	-0.0080	-0.0046	-0.0077	-0.0006	0.0004	0.1098
328	-0.0092	-0.0002	-0.0014	-0.0136	0.0010	0.1051	0.0001	-0.0015	-0.0010	-0.0066	0.0017	-0.0002	-0.0040	-0.0007	-0.0503	-0.0086	-0.0044	-0.0078	0.0011	0.0005	0.1094
37	0.0191	0.0013	-0.0026	0.0429	0.0023	0.0329	0.0014	-0.0003	0.0002	-0.0058	0.0031	0.0011	-0.0077	0.0006	-0.0105	-0.0116	-0.0510	-0.0201	0.0028	0.0017	0.1094
188	-0.0074	-0.0019	-0.0026	-0.0035	-0.0017	-0.0094	-0.0018	-0.0038	-0.0029	0.1093	-0.0030	-0.0021	-0.0162	-0.0055	-0.0173	-0.0111	-0.0063	-0.0105	-0.0009	-0.0014	0.1093
54	-0.0090	-0.0001	-0.0008	-0.0142	0.0010	0.1048	0.0001	-0.0015	-0.0010	-0.0069	0.0017	-0.0002	-0.0040	-0.0007	-0.0503	-0.0081	-0.0046	-0.0077	0.0011	0.0005	0.1092
158	-0.0059	0.0006	0.0412	-0.0053	0.0017	-0.0084	0.0006	-0.0012	0.0604	-0.0071	-0.0007	0.0012	-0.0040	-0.0040	-0.0503	-0.0086	-0.0086	-0.0048	0.0022	0.0010	0.1090
126	-0.0091	-0.0001	-0.0011	-0.0139	0.0010	0.1049	0.0001	-0.0015	-0.0010	-0.0066	0.0017	-0.0002	-0.0040	-0.0007	-0.0503	-0.0082	-0.0044	-0.0078	0.0007	0.0006	0.1089
182	-0.0073	-0.0025	0.0342	-0.0027	0.0002	-0.0118	0.0430	-0.0067	-0.0088	-0.0085	0.0011	0.0296	-0.0056	-0.0019	-0.0240	-0.0140	-0.0075	-0.0061	0.0008	-0.0014	0.1088
18	-0.0013	0.0010	0.0633	-0.0102	0.0020	-0.0517	-0.0027	-0.0008	-0.0002	-0.0064	0.0028	-0.0020	-0.0035	0.0002	-0.0115	-0.0079	0.0369	-0.0077	0.0025	-0.0029	0.1088
115	-0.0316	0.0000	-0.0007	-0.0017	0.0011	-0.0081	0.0001	-0.0131	-0.0014	-0.0071	0.0014	0.0444	-0.0084	-0.0007	-0.0129	-0.0180	0.0596	-0.0049	0.0015	0.0005	0.1087
102	-0.0049	0.0006	-0.0067	-0.0008	-0.0031	-0.0079	0.0195	-0.0010	-0.0003	0.0370	0.0025	0.0273	-0.0058	-0.0031	-0.0235	0.0200	-0.0038	-0.0042	0.0013	-0.0430	0.1082
273	-0.0063	-0.0003	-0.0011	-0.0020	0.0003	-0.0084	-0.0003	0.0694	-0.0042	0.0369	-0.0031	-0.0005	-0.0113	-0.0030	-0.0202	-0.0091	-0.0149	-0.0231	0.0010	0.0001	0.1078
38	-0.0068	-0.0004	-0.0012	-0.0023	0.0409	-0.0089	-0.0003	-0.0136	-0.0061	-0.0072	0.0361	-0.0006	-0.0048	-0.0011	-0.0201	-0.0092	-0.0250	0.0291	0.0012	0.0002	0.1075
251	-0.0518	0.0011	0.0005	-0.0005	0.0021	-0.0065	0.0013	-0.0139	-0.0029	-0.0056	0.0022	-0.0006	-0.0076	0.0005	-0.0145	0.0713	0.0248	-0.0035	0.0026	0.0008	0.1073
235	-0.0072	-0.0053	-0.0018	-0.0028	0.0787	-0.0094	-0.0009	-0.0066	-0.0021	0.0267	0.0008	-0.0012	-0.0055	-0.0018	-0.0136	-0.0274	-0.0060	-0.0109	0.0005	-0.0043	0.1067
139	-0.0047	0.0004	-0.0002	-0.0494	0.0014	-0.0070	0.0005	-0.0014	0.0059	-0.0058	-0.0018	-0.0099	-0.0033	-0.0035	0.0954	-0.0070	-0.0089	-0.0038	0.0015	0.0016	0.1067
278	-0.0055	0.0008	-0.0000	-0.0059	0.0019	-0.0078	-0.0069	-0.0009	-0.0046	0.0363	0.0027	0.0006	-0.0079	0.0604	-0.0503	-0.0081	-0.0043	-0.0045	0.0024	0.0015	0.1067
106	-0.0262	-0.0008	-0.0059	-0.0026	-0.0035	-0.0148	-0.0007	0.0773	-0.0018	-0.0131	0.0006	-0.0013	-0.0050	-0.0015	-0.0130	-0.0096	-0.0066	0.0280	0.0008	-0.0003	0.1066
107	-0.0072	-0.0052	-0.0018	-0.0028	0.0781	-0.0094	-0.0010	-0.0066	-0.0021	0.0271	0.0009	-0.0012	-0.0057	-0.0018	-0.0137	-0.0269	-0.0060	-0.0109	0.0005	-0.0043	0.1066
45	-0.0062	-0.0003	-0.0011	-0.0020	-0.0025	-0.0083	-0.0002	0.0690	-0.0014	0.0361	-0.0029	-0.0044	-0.0045	-0.0010	-0.0123	-0.0137	-0.0200	-0.0257	0.0012	0.0002	0.1065
281	-0.0121	-0.0011	-0.0034	-0.0029	-0.0037	-0.0111	-0.0011	0.0238	-0.0022	-0.0128	-0.0025	-0.0041	-0.0053	-0.0018	-0.0130	-0.0130	-0.0156	0.0821	0.0003	-0.0007	0.1062
219	-0.0368	0.0002	-0.0022	-0.0051	0.0010	-0.0150	0.0002	-0.0034	-0.0009	-0.0148	0.0405	-0.0001	-0.0054	-0.0006	-0.0122	-0.0096	0.0270	0.0345	0.0017	0.0008	0.1060
183	-0.0069	-0.0062	-0.0025	-0.0033	-0.0009	-0.0137	-0.0072	-0.0032	-0.0032	-0.0110	-0.0003	-0.0020	-0.0088	-0.0078	0.1057	-0.0111	-0.0061	-0.0061	-0.0042	-0.0014	0.1057
149	-0.0068	-0.0018	-0.0024	-0.0032	-0.0008	-0.0166	-0.0017	-0.0037	-0.0062	-0.0100	-0.0004	-0.0019	-0.0077	-0.0103	0.1056	-0.0111	-0.0069	-0.0060	-0.0067	-0.0013	0.1056
197	-0.0226	-0.0006	-0.0025	-0.0050	0.0463	-0.0139	-0.0004	-0.0065	-0.0016	-0.0116	-0.0069	-0.0007	-0.0048	-0.0012	-0.0127	-0.0091	-0.0053	0.0582	0.0010	-0.0001	0.1055
112	-0.0026	0.0013	-0.0063	-0.0017	-0.0039	-0.0169	0.0001	0.0253	-0.0007	-0.0124	0.0010	-0.0002	-0.0067	-0.0004	-0.0131	0.0013	0.0330	-0.0405	0.0015	0.0420	0.1055
340	-0.0060	-0.0005	-0.0237	-0.0020	0.0006	-0.0085	-0.0044	-0.0057	-0.0120	-0.0071	0.0014	0.0388	-0.0044	-0.0010	-0.0121	0.0635	-0.0093	-0.0051	0.0011	-0.0036	0.1053
53	-0.0067	-0.0006	-0.0014	-0.0024	-0.0028	-0.0088	-0.0006	0.0705	-0.0017	-0.0119	-0.0032	-0.0048	-0.0049	-0.0014	-0.0128	-0.0143	0.0335	-0.0265	0.0009	-0.0002	0.1049
166	0.0382	-0.0029	0.0005	-0.0002	0.0025	0.0520	0.0016	-0.0047	0.0005	-0.0053	0.0032	-0.0264	-0.0026	0.0008	-0.0494	-0.0043	-0.0044	-0.0035	0.0030	0.0013	0.1037
160	-0.0110	-0.0012	0.0740	-0.0090	-0.0001	0.0287	-0.0047	-0.0027	-0.0022	-0.0081	0.0006	-0.0157	-0.0053	-0.0018	-0.0132	-0.0095	-0.0058	-0.0095	0.0003	-0.0039	0.1036
19	-0.0090	-0.0011	-0.0005	-0.0013	0.0016	0.0219	0.0004	-0.0080	-0.0007	-0.0071	0.0024	0.0302	-0.0048	-0.0002	-0.0503	-0.0125	-0.0029	-0.0048	0.0021	0.0447	0.1032
153	-0.0050	0.0007	-0.0490	-0.0008	0.0017	-0.0070	-0.0035	0.0409	-0.0112	-0.0061	0.0026	0.0287	-0.0034	0.0001	-0.0107	0.0244	-0.0024	-0.0040	0.0023	0.0015	0.1030
249	-0.0225	-0.0005	-0.0023	0.0428	-0.0002	-0.0140	-0.0004	-0.0060	-0.0017	-0.0150	-0.0075	-0.0007	-0.0046	-0.0012	-0.0124	-0.0088	-0.0052	0.0592	0.0010	-0.0000	0.1030
250	-0.0069	-0.0016	0.0388	-0.0027	0.0001	-0.0119	0.0247	-0.0035	-0.0030	-0.0115	0.0008	0.0063	-0.0089	-0.0102	-0.0185	0.0317	-0.0068	-0.0059	0.0005	-0.0116	0.1029
165	-0.0062	-0.0039	-0.0010	-0.0020	0.0669	-0.0085	-0.0002	0.0034	-0.0014	-0.0355	0.0014	-0.0005	-0.0045	-0.0010	0.0296	-0.0188	-0.0052	-0.0101	0.0012	-0.0037	0.1026
236	-0.0066	-0.0006	-0.0014	-0.0023	-0.0002	-0.0088	-0.0007	-0.0075	-0.0026	0.0473	0.0544	-0.0008	-0.0160	-0.0042	-0.0191	-0.0095	-0.0085	-0.0137	0.0008	-0.0001	0.1025
208	0.0263	0.0000	-0.0055	-0.0016	0.0010	-0.0137	0.0001	-0.0014	-0.0009	-0.0066	0.0017	-0.0002	-0.0088	-0.0006	-0.0112	0.0715	-0.0308	-0.0211	0.0014	0.0004	0.1025
92	-0.0071	-0.0009	-0.0017	-0.0027	-0.0030	-0.0091	-0.0008	0.0706	-0.0021	-0.0124	-0.0018	-0.0049	-0.0051	-0.0016	-0.0132	-0.0143	-0.0208	0.0310	0.0006	-0.0004	0.1021
35	-0.0049	0.0010	0.0003	-0.0006	-0.0023	-0.0070	0.0011	-0.0057	-0.0004	-0.0096	0.0391	-0.0046	-0.0032	0.0002	0.0298	-0.0119	0.0270	-0.0518	0.0025	0.0011	0.1021
204	-0.0220	-0.0005	-0.0015	-0.0059	0.0002	-0.0137	-0.0004	0.0432	-0.0015	-0.0158	-0.0072	-0.0008	-0.0046	-0.0012	-0.0124	-0.0089	-0.0055	0.0576	0.0010	-0.0000	0.1021
276	-0.0320	-0.0002	-0.0008	-0.0018	0.0008	-0.0083	-0.0000	0.0375	-0.0013	-0.0073	0.0014	-0.0041	-0.0088	-0.0008	-0.0129	-0.0185	0.0606	-0.0051	0.0013	0.0002	0.1019
303	-0.0046	-0.0030	-0.0028	-0.0040	-0.0023	0.0124	0.0109	-0.0031	0.0084	0.0040	-0.0026	-0.0030	-0.0054	0.0577	-0.0503	-0.0061	-0.0047	-0.0043	0.0081	-0.0051	0.1016
180	-0.0067	-0.0079	-0.0013	-0.0023	0.0005	-0.0143	-0.0004	-0.0022	-0.0016	0.0347	0.0013	-0.0007	-0.0050	-0.0013	-0.0325	-0.0137	-0.0055	-0.0058	0.0649	-0.0000	0.1015
260	-0.0071	-0.0007	-0.0015	-0.0026	-0.0024	-0.0094	-0.0007	-0.0027	-0.0019	0.0192	0.0416	-0.0010	-0.0182	0.0402	-0.0184	-0.0148	-0.0060	-0.0123	-0.0009	-0.0004	0.1010
263	0.0446	0.0010	-0.0006	-0.0112	0.0021	0.0440	0.0011	-0.0005	0.0000	-0.0060	0.0028	0.0009	-0.0044	0.0003	-0.0503	-0.0088	-0.0082	-0.0103	0.0024	0.0012	0.1004
96	-0.0068	0.0633	-0.0016	-0.0026	0.0038	-0.0142	-0.0010	-0.0026	-0.0019	0.0323	0.0009	-0.0011	-0.0053	-0.0016	-0.0121	-0.0194	-0.0057	-0.0060	-0.0038	-0.0147	0.1004
97	-0.0044	0.0010	0.0003	-0.0494	0.0019	-0.0064	0.0010	-0.0015	0.0323	-0.0054	-0.0001	-0.0080	-0.0028	-0.0040	0.0596	-0.0066	-0.0079	-0.0035	0.0023	0.0014	0.0999
33	-0.0075	-0.0041	-0.0020	-0.0031	0.0596	-0.0098	-0.0004	-0.0055	-0.0023	-0.0048	0.0006	-0.0014	-0.0058	0.0393	-0.0142	-0.0203	-0.0062	-0.0097	0.0004	-0.0026	0.0999
230	-0.0049	0.0010	0.0003	-0.0007	-0.0019	-0.0069	0.0011	0.0276	-0.0000	0.0348	-0.0025	-0.0040	-0.0032	0.0003	-0.0107	-0.0130	0.0312	-0.0518	0.0025	0.0010	0.0997
68	-0.0109	-0.0010	-0.0094	0.0695	-0.0000	0.0290	-0.0009	-0.0026	-0.0174	-0.0080	0.0007	-0.0012	-0.0051	-0.0055	-0.0129	-0.0092	-0.0057	-0.0094	0.0004	-0.0006	0.0997
16	-0.0060	0.0005	-0.0003	-0.0054	0.0016	-0.0081	-0.0047	-0.0013	0.0010	-0.0103	0.0024	0.0007	0.0018	0.0530	-0.0503	-0.0086	0.0363	-0.0047	0.0021	0.0003	0.0996
121	-0.0109	-0.0010	-0.0093	0.0691	-0.0000	0.0293	-0.0009	-0.0026	-0.0173	-0.0080	0.0007	-0.0012	-0.0051	-0.0054	-0.0131	-0.0092	-0.0057	-0.0094	0.0004	-0.0005	0.0996
124	-0.0070	-0.0009	-0.0020	-0.0084	-0.0002	-0.0171	-0.0008	-0.0032	-0.0020	0.0262	-0.0125	-0.0012	-0.0055	-0.0016	-0.0125	-0.0094	0.0728	-0.0146	0.0005	-0.0005	0.0995
185	-0.0091	-0.0005	-0.0033	0.0402	0.0019	0.0511	0.0009	-0.0008	-0.0003	-0.0064	0.0027	0.0006	-0.0034	0.0001	-0.0503	-0.0136	-0.0040	-0.0076	0.0007	0.0012	0.0993
25	-0.0068	-0.0034	-0.0018	-0.0200	0.0000	-0.0102	-0.0031	-0.0052	0.0240	0.0340	0.0044	-0.0080	-0.0066	0.0366	-0.0079	-0.0103	-0.0094	-0.0060	0.0003	-0.0006	0.0992
210	-0.0111	-0.0012	0.0674	-0.0126	-0.0002	-0.0118	-0.0049	-0.0027	-0.0022	-0.0082	0.0006	-0.0040	-0.0053	-0.0019	-0.0131	0.0307	-0.0059	-0.0096	0.0003	-0.0041	0.0991
289	-0.0136	-0.0012	-0.0102	0.0506	-0.0001	0.0194	-0.0066	-0.0027	-0.0031	-0.0082	0.0006	0.0281	-0.0053	-0.0021	-0.0132	-0.0095	-0.0059	-0.0117	0.0003	-0.0056	0.0990
254	-0.0046	0.0008	0.0002	-0.0494	0.0019	-0.0073	0.0009	-0.0016	-0.0074	-0.0057	-0.0009	-0.0060	-0.0031	0.0366	0.0199	0.0353	-0.0093	-0.0037	0.0021	0.0013	0.0989
133	0.0260	-0.0006	-0.0014	-0.0070	0.0004	-0.0147	-0.0005	-0.0021	-0.0016	-0.0082	0.0001	-0.0008	-0.0091	-0.0013	-0.0122	-0.0128	-0.0262	0.0711	0.0009	-0.0001	0.0986
177	-0.0068	0.0375	-0.0017	-0.0027	0.0000	-0.0186	-0.0107	-0.0029	0.0401	-0.0118	0.0005	-0.0011	-0.0093	-0.0034	0.0202	-0.0141	-0.0065	-0.0058	-0.0023	-0.0007	0.0983
137	-0.0071	-0.0013	-0.0021	-0.0132	-0.0003	-0.0093	-0.0087	-0.0036	0.0733	-0.0119	0.0001	-0.0038	-0.0095	-0.0038	0.0249	-0.0095	-0.0072	-0.0061	0.0001	-0.0009	0.0983
175	-0.0066	-0.0007	-0.0014	-0.0024	-0.0018	-0.0087	-0.0013	-0.0034	-0.0017	0.0508	-0.0018	-0.0009	-0.0223	-0.0047	-0.0148	-0.0093	-0.0054	-0.0107	0.0474	-0.0002	0.0981
151	-0.0068	-0.0011	-0.0202	-0.0028	-0.0001	-0.0091	-0.0047	-0.0060	-0.0016	-0.0079	0.0006	0.0682	-0.0051	-0.0018	0.0289	-0.0115	-0.0097	-0.0058	0.0004	-0.0039	0.0980
88	-0.0126	-0.0006	-0.0013	-0.0023	0.0004	-0.0086	-0.0028	-0.0021	-0.0016	-0.0292	0.0012	-0.0007	0.0255	0.0422	-0.0202	0.0273	-0.0106	-0.0054	0.0009	0.0002	0.0978
20	-0.0296	-0.0004	-0.0013	-0.0067	0.0003	-0.0145	-0.0003	0.0405	-0.0014	0.0313	-0.0118	-0.0006	-0.0044	-0.0011	-0.0121	-0.0087	-0.0050	0.0244	0.0010	0.0003	0.0978
29	-0.0110	0.0009	0.0001	-0.0008	0.0017	-0.0072	-0.0029	-0.0008	-0.0002	0.0294	0.0027	0.0007	0.0235	-0.0007	-0.0186	-0.0514	0.0362	-0.0042	0.0024	-0.0001	0.0977
46	-0.0065	-0.0007	-0.0014	-0.0023	0.0429	-0.0087	-0.0026	-0.0043	-0.0017	0.0543	-0.0008	-0.0008	-0.0202	-0.0031	-0.0184	-0.0100	-0.0054	-0.0106	0.0005	-0.0002	0.0977
206	-0.0227	-0.0007	-0.0051	-0.0029	-0.0026	-0.0140	-0.0006	0.0366	-0.0017	-0.0124	-0.0002	-0.0009	-0.0049	-0.0014	-0.0127	-0.0090	-0.0055	0.0602	0.0008	-0.0003	0.0976
209	-0.0046	0.0426	0.0001	-0.0494	0.0019	-0.0075	0.0009	-0.0018	0.0039	-0.0057	-0.0003	-0.0069	-0.0030	-0.0043	0.0427	-0.0015	-0.0088	-0.0037	0.0039	0.0015	0.0975
228	-0.0074	0.0633	-0.0021	-0.0030	-0.0008	-0.0171	0.0335	-0.0028	-0.0023	-0.0129	0.0007	-0.0015	-0.0103	-0.0035	-0.0006	-0.0169	-0.0062	-0.0063	-0.0005	-0.0034	0.0975
4	-0.0073	-0.0077	-0.0021	-0.0030	-0.0004	-0.0179	0.0681	-0.0029	-0.0024	-0.0142	0.0005	-0.0015	-0.0065	-0.0079	-0.0089	0.0285	-0.0061	-0.0062	-0.0011	-0.0010	0.0971
325	-0.0065	-0.0005	-0.0013	-0.0023	-0.0001	-0.0087	-0.0007	-0.0026	-0.0016	0.0511	0.0451	-0.0007	-0.0227	-0.0053	-0.0191	-0.0090	-0.0054	-0.0107	0.0009	-0.0001	0.0971
8	-0.0068	0.0331	-0.0016	-0.0025	0.0001	-0.0197	-0.0147	-0.0024	-0.0038	0.0294	0.0004	-0.0010	0.0336	-0.0059	-0.0085	-0.0150	-0.0062	-0.0057	-0.0024	-0.0004	0.0967
130	-0.0063	-0.0005	-0.0013	-0.0022	-0.0035	-0.0084	-0.0019	0.0430	-0.0016	0.0528	-0.0013	-0.0007	-0.0217	-0.0038	-0.0184	-0.0090	-0.0052	-0.0105	0.0008	-0.0001	0.0966
320	-0.0067	-0.0006	-0.0014	-0.0024	-0.0011	-0.0085	-0.0010	-0.0034	-0.0016	0.0220	-0.0024	-0.0008	-0.0272	-0.0054	-0.0192	-0.0093	-0.0052	0.0740	0.0006	-0.0002	0.0966
233	-0.0059	-0.0004	-0.0010	-0.0020	0.0007	-0.0275	-0.0004	-0.0028	-0.0124	-0.0080	-0.0001	-0.0005	-0.0053	0.0431	0.0525	-0.0149	-0.0079	-0.0050	-0.0022	0.0001	0.0964
207	-0.0068	-0.0027	-0.0023	-0.0032	-0.0007	-0.0133	-0.0028	-0.0030	-0.0026	-0.0111	-0.0001	-0.0018	-0.0090	-0.0134	0.0964	-0.0094	-0.0058	-0.0060	-0.0010	-0.0012	0.0964
341	-0.0118	-0.0012	0.0288	0.0357	-0.0001	-0.0157	-0.0054	-0.0028	-0.0025	-0.0081	0.0006	-0.0071	-0.0053	-0.0019	-0.0134	0.0307	-0.0060	-0.0102	0.0003	-0.0045	0.0961
339	-0.0061	-0.0005	-0.0012	-0.0021	-0.0107	-0.0081	-0.0043	-0.0060	-0.0014	0.0564	0.0011	-0.0006	-0.0216	-0.0013	-0.0180	-0.0084	-0.0050	0.0369	0.0010	-0.0000	0.0953
299	0.0366	-0.0033	-0.0150	-0.0030	0.0008	0.0550	-0.0002	-0.0017	-0.0012	-0.0070	0.0015	-0.0004	-0.0042	-0.0009	-0.0183	-0.0265	-0.0048	-0.0086	0.0011	0.0002	0.0951
234	0.0567	-0.0005	-0.0053	-0.0020	0.0004	-0.0133	-0.0003	-0.0019	-0.0014	-0.0071	0.0013	-0.0006	-0.0088	-0.0011	-0.0117	0.0353	-0.0225	-0.0183	0.0010	-0.0001	0.0947
246	-0.0117	-0.0008	-0.0016	-0.0025	0.0002	-0.0087	-0.0016	-0.0024	-0.0018	-0.0228	0.0009	-0.0010	0.0625	-0.0047	-0.0188	0.0303	-0.0099	-0.0056	0.0006	-0.0004	0.0945
247	-0.0227	-0.0007	-0.0020	-0.0059	-0.0001	-0.0137	-0.0006	-0.0092	-0.0017	0.0338	-0.0048	-0.0008	-0.0047	-0.0013	-0.0122	-0.0086	-0.0052	0.0599	0.0008	-0.0002	0.0945
171	0.0570	-0.0005	-0.0039	-0.0035	0.0006	0.0345	-0.0004	-0.0019	-0.0014	-0.0072	0.0013	-0.0006	-0.0086	-0.0011	-0.0119	-0.0124	-0.0226	-0.0184	0.0010	-0.0000	0.0943
49	0.0182	0.0009	-0.0011	-0.0044	0.0019	-0.0133	0.0009	-0.0007	-0.0002	0.0359	0.0026	0.0007	-0.0012	0.0002	-0.0107	-0.0117	-0.0510	0.0305	0.0023	0.0002	0.0943
74	-0.0064	-0.0006	-0.0013	-0.0023	-0.0004	-0.0085	-0.0007	0.0431	-0.0016	0.0504	-0.0008	-0.0008	-0.0219	-0.0052	-0.0186	-0.0092	-0.0053	-0.0106	0.0008	-0.0001	0.0942
50	-0.0062	-0.0006	-0.0013	-0.0022	-0.0095	-0.0082	-0.0040	-0.0059	-0.0015	0.0558	0.0008	-0.0007	-0.0203	-0.0016	-0.0178	-0.0091	-0.0051	0.0368	0.0008	-0.0001	0.0942
306	-0.0118	-0.0012	-0.0016	-0.0025	-0.0007	-0.0087	-0.0025	-0.0024	-0.0019	-0.0214	0.0009	-0.0011	0.0606	-0.0036	-0.0184	0.0321	-0.0100	-0.0057	0.0006	-0.0007	0.0941
337	-0.0063	-0.0010	-0.0015	-0.0024	0.0002	-0.0201	-0.0010	-0.0024	0.0410	-0.0096	-0.0003	-0.0010	-0.0071	-0.0093	0.0526	-0.0122	-0.0069	-0.0054	-0.0070	-0.0003	0.0938
129	-0.0114	-0.0037	-0.0013	-0.0022	-0.0073	-0.0082	-0.0005	-0.0021	-0.0016	-0.0110	0.0011	-0.0008	-0.0221	-0.0013	-0.0118	0.0540	0.0376	-0.0052	0.0008	-0.0030	0.0935
167	0.0578	-0.0006	-0.0054	-0.0025	0.0003	-0.0138	-0.0005	-0.0023	-0.0016	-0.0076	0.0011	-0.0008	-0.0089	-0.0013	-0.0123	-0.0126	-0.0230	0.0333	0.0008	-0.0002	0.0934
190	-0.0116	-0.0010	-0.0016	-0.0026	-0.0000	-0.0087	-0.0041	-0.0024	-0.0019	-0.0218	0.0008	-0.0011	0.0614	-0.0022	-0.0185	0.0307	-0.0098	-0.0057	0.0006	-0.0005	0.0934
173	0.0192	-0.0012	-0.0068	-0.0031	-0.0002	-0.0160	-0.0011	0.0371	-0.0022	-0.0084	0.0006	-0.0014	0.0362	-0.0019	-0.0132	-0.0145	-0.0121	-0.0106	0.0003	-0.0007	0.0934
141	-0.0120	0.0010	0.0003	-0.0006	0.0019	-0.0065	-0.0009	-0.0005	0.0000	-0.0516	0.0026	0.0008	-0.0044	-0.0035	0.0587	0.0248	-0.0098	-0.0036	0.0023	0.0010	0.0934
113	-0.0094	0.0004	-0.0006	0.0366	0.0015	0.0502	0.0006	-0.0011	-0.0006	-0.0065	0.0023	0.0003	-0.0036	-0.0002	-0.0503	-0.0081	-0.0042	-0.0079	-0.0005	0.0011	0.0931
298	0.0318	-0.0010	-0.0029	-0.0055	-0.0010	-0.0141	-0.0009	-0.0102	-0.0020	-0.0150	-0.0044	-0.0012	-0.0051	-0.0017	-0.0125	-0.0091	-0.0058	0.0604	0.0005	-0.0005	0.0928
248	0.0585	-0.0008	-0.0022	-0.0060	0.0002	-0.0141	-0.0008	-0.0024	-0.0019	-0.0077	0.0009	-0.0010	-0.0091	-0.0015	-0.0125	-0.0129	0.0323	-0.0192	0.0006	-0.0004	0.0925
231	0.0579	-0.0008	-0.0057	-0.0025	0.0002	-0.0139	-0.0008	-0.0027	-0.0019	-0.0077	0.0009	-0.0012	-0.0092	-0.0015	-0.0125	-0.0131	0.0329	-0.0188	0.0006	-0.0004	0.0925
84	0.0300	-0.0009	-0.0017	-0.0026	0.0001	-0.0088	-0.0009	-0.0138	-0.0023	-0.0078	0.0001	-0.0048	-0.0092	-0.0016	-0.0131	-0.0189	0.0617	-0.0057	0.0005	-0.0005	0.0925
21	0.0283	0.0396	-0.0024	-0.0074	0.0025	-0.0057	-0.0011	-0.0046	-0.0022	-0.0166	-0.0139	-0.0014	-0.0054	-0.0019	-0.0132	-0.0097	-0.0062	0.0213	0.0006	-0.0008	0.0924
291	-0.0034	-0.0008	-0.0015	-0.0026	0.0003	-0.0089	-0.0019	-0.0024	-0.0018	-0.0088	0.0008	-0.0010	0.0559	-0.0043	-0.0191	-0.0253	-0.0100	0.0344	0.0007	-0.0003	0.0921
152	-0.0068	-0.0010	-0.0018	-0.0027	-0.0091	-0.0088	-0.0038	-0.0062	-0.0020	0.0554	0.0002	-0.0012	0.0358	-0.0023	-0.0176	-0.0115	-0.0056	-0.0108	0.0004	-0.0006	0.0917
135	-0.0072	-0.0014	-0.0022	-0.0079	-0.0004	-0.0093	-0.0091	-0.0030	-0.0045	-0.0122	0.0003	-0.0016	-0.0097	0.0656	0.0256	-0.0096	-0.0061	-0.0062	-0.0000	-0.0010	0.0915
198	-0.0110	-0.0035	-0.0023	-0.0060	0.0001	0.0497	0.0402	-0.0025	-0.0020	-0.0079	0.0008	-0.0012	-0.0051	-0.0017	-0.0090	-0.0228	-0.0056	-0.0095	-0.0000	-0.0006	0.0908
156	-0.0068	-0.0011	-0.0018	-0.0027	-0.0072	-0.0088	-0.0031	-0.0049	-0.0021	0.0549	-0.0011	-0.0013	0.0358	-0.0030	-0.0177	-0.0116	-0.0057	-0.0108	-0.0003	-0.0007	0.0907
132	-0.0058	-0.0008	-0.0012	-0.0020	0.0005	-0.0263	-0.0008	-0.0037	-0.0120	0.0370	0.0018	-0.0007	-0.0055	-0.0045	0.0503	-0.0145	-0.0076	-0.0049	0.0008	-0.0002	0.0904
168	-0.0070	-0.0011	-0.0019	-0.0028	-0.0038	-0.0089	-0.0011	-0.0001	-0.0031	0.0287	-0.0076	-0.0058	0.0373	-0.0020	-0.0144	-0.0153	-0.0146	0.0240	0.0003	-0.0007	0.0903
98	-0.0065	-0.0012	-0.0017	-0.0027	-0.0000	-0.0177	-0.0013	-0.0027	-0.0054	-0.0105	0.0000	-0.0012	-0.0081	0.0387	0.0515	-0.0110	-0.0065	-0.0056	-0.0076	-0.0006	0.0902
179	-0.0112	-0.0045	-0.0047	-0.0030	-0.0001	0.0498	-0.0011	-0.0027	-0.0022	-0.0081	0.0007	0.0394	-0.0052	-0.0018	-0.0184	-0.0109	-0.0058	-0.0097	0.0003	-0.0007	0.0902
44	-0.0072	-0.0015	-0.0023	0.0315	-0.0005	-0.0098	-0.0014	-0.0031	0.0329	-0.0083	-0.0035	-0.0106	-0.0055	-0.0066	0.0241	-0.0098	-0.0109	-0.0063	-0.0002	-0.0011	0.0886
82	-0.0076	-0.0008	-0.0015	-0.0028	-0.0005	-0.0090	-0.0007	-0.0025	-0.0018	0.0499	-0.0039	-0.0010	-0.0182	-0.0050	-0.0174	-0.0100	-0.0053	0.0383	0.0002	-0.0004	0.0884
290	-0.0105	-0.0033	-0.0125	-0.0056	0.0002	0.0559	-0.0007	-0.0023	-0.0018	-0.0074	0.0009	-0.0010	-0.0047	-0.0015	-0.0224	0.0311	-0.0052	-0.0091	0.0003	-0.0004	0.0883
155	-0.0062	-0.0047	-0.0016	-0.0024	0.0000	-0.0143	-0.0055	-0.0024	-0.0024	-0.0109	0.0005	-0.0013	-0.0088	-0.0100	0.0512	0.0359	-0.0054	-0.0053	-0.0060	-0.0005	0.0876
14	0.0333	0.0368	-0.0021	-0.0030	-0.0003	-0.0080	-0.0105	-0.0028	-0.0029	-0.0125	0.0002	-0.0015	-0.0103	-0.0083	0.0172	-0.0122	-0.0013	-0.0061	-0.0051	-0.0009	0.0876
17	0.0226	-0.0013	-0.0020	-0.0029	-0.0003	-0.0092	-0.0011	-0.0096	-0.0068	-0.0084	0.0363	-0.0027	-0.0117	-0.0019	-0.0206	0.0285	-0.0024	-0.0062	0.0002	-0.0006	0.0876
245	-0.0235	-0.0008	-0.0022	-0.0059	-0.0004	-0.0035	-0.0007	-0.0002	-0.0017	-0.0156	-0.0089	-0.0010	-0.0047	-0.0014	-0.0112	0.0320	-0.0053	0.0546	0.0007	-0.0003	0.0873
114	-0.0074	-0.0016	-0.0024	0.0275	-0.0006	-0.0097	-0.0021	-0.0047	0.0020	-0.0088	-0.0025	-0.0123	-0.0060	0.0379	0.0198	-0.0098	-0.0117	-0.0064	-0.0002	-0.0011	0.0872
13	0.0524	-0.0007	-0.0051	-0.0029	0.0003	-0.0140	-0.0007	-0.0022	-0.0017	0.0327	0.0010	-0.0009	-0.0006	-0.0014	-0.0122	-0.0127	-0.0242	-0.0072	0.0007	-0.0003	0.0870
12	-0.0070	-0.0012	-0.0019	-0.0029	-0.0010	-0.0090	-0.0014	-0.0030	-0.0022	0.0519	-0.0032	-0.0014	0.0345	-0.0058	-0.0191	-0.0097	-0.0059	-0.0110	0.0001	-0.0008	0.0865
159	-0.0070	-0.0012	-0.0019	-0.0029	-0.0005	-0.0090	-0.0012	-0.0033	-0.0022	0.0518	-0.0030	-0.0014	0.0342	-0.0061	-0.0192	-0.0096	-0.0058	-0.0111	0.0001	-0.0008	0.0862
330	-0.0070	-0.0014	-0.0021	-0.0103	-0.0004	0.0325	-0.0013	-0.0032	0.0293	-0.0079	-0.0031	-0.0106	-0.0052	-0.0065	0.0240	-0.0092	-0.0105	-0.0060	-0.0001	-0.0009	0.0859
6	-0.0019	-0.0041	-0.0159	-0.0040	0.0000	0.0500	-0.0009	-0.0025	-0.0020	-0.0077	0.0007	-0.0012	-0.0049	-0.0016	-0.0128	-0.0163	0.0345	-0.0094	0.0003	-0.0005	0.0856
24	-0.0067	-0.0011	-0.0017	-0.0026	-0.0008	-0.0086	-0.0021	-0.0037	-0.0020	0.0501	-0.0022	-0.0012	-0.0120	-0.0046	-0.0185	0.0344	-0.0056	-0.0108	0.0003	-0.0006	0.0847
270	0.0022	-0.0014	-0.0015	-0.0027	-0.0012	-0.0088	-0.0007	-0.0024	-0.0018	-0.0192	0.0009	-0.0010	-0.0225	-0.0015	-0.0122	0.0469	0.0333	-0.0062	0.0005	-0.0009	0.0839
51	-0.0119	-0.0025	-0.0019	-0.0028	-0.0122	-0.0085	-0.0012	-0.0026	-0.0022	-0.0081	0.0004	-0.0014	-0.0059	-0.0019	0.0295	0.0511	-0.0101	-0.0057	0.0026	-0.0049	0.0836
131	-0.0065	-0.0002	-0.0018	-0.0027	-0.0002	-0.0159	-0.0032	-0.0026	-0.0036	-0.0111	0.0001	-0.0013	0.0001	-0.0132	0.0475	0.0312	-0.0059	-0.0056	-0.0045	-0.0005	0.0789