# Differential preferences fit to each site.
# Regularizing prior: ('invquadratic', 150.0, 0.5)
#
site	dpi_A	dpi_C	dpi_D	dpi_E	dpi_F	dpi_G	dpi_H	dpi_I	dpi_K	dpi_L	dpi_M	dpi_N	dpi_P	dpi_Q	dpi_R	dpi_S	dpi_T	dpi_V	dpi_W	dpi_Y	half_sum_abs_dpi
2	0.0036	0.0057	-0.0743	0.0047	0.0345	-0.0082	-0.0046	0.0209	0.0281	0.0290	0.0381	-0.0590	0.0041	0.0033	0.0016	0.0306	0.0013	-0.0464	0.0050	-0.0180	0.2105
12	-0.0636	0.0458	0.0047	-0.0288	0.0071	-0.0401	0.0062	0.0022	-0.0031	0.0373	0.0056	0.0027	0.0046	0.0039	-0.0153	-0.0232	0.0218	0.0270	0.0046	0.0007	0.1741
13	0.1129	0.0036	0.0002	-0.0486	0.0045	-0.0602	0.0031	-0.0002	-0.0060	-0.0006	0.0037	-0.0002	0.0027	0.0009	-0.0447	0.0291	-0.0020	-0.0028	0.0035	0.0011	0.1652
10	0.0012	0.0065	0.0018	-0.0023	0.0073	0.0803	0.0411	0.0010	-0.0406	-0.0022	0.0063	0.0012	0.0035	-0.0706	-0.0415	-0.0014	-0.0008	0.0004	0.0072	0.0016	0.1593
3	-0.0010	0.0056	0.0585	-0.0080	0.0063	0.0328	-0.0394	0.0011	-0.0012	-0.0009	0.0034	0.0011	0.0320	-0.1009	-0.0031	-0.0020	0.0038	0.0013	0.0062	0.0044	0.1565
93	-0.0058	-0.0049	-0.0081	-0.0188	-0.0039	-0.0146	-0.0094	-0.0099	-0.0113	-0.0064	-0.0051	-0.0104	-0.0086	0.1523	-0.0093	-0.0063	-0.0083	-0.0070	-0.0042	-0.0000	0.1523
39	-0.0148	-0.0057	-0.0125	-0.0069	-0.0069	-0.0089	-0.0094	-0.0066	-0.0059	-0.0072	0.1513	-0.0070	-0.0069	-0.0140	-0.0093	-0.0079	-0.0066	-0.0067	-0.0073	-0.0009	0.1513
47	-0.0091	-0.0050	-0.0032	0.0696	-0.0039	-0.0032	-0.0032	-0.0171	-0.0263	-0.0147	-0.0134	-0.0066	-0.0098	0.0736	-0.0032	-0.0032	-0.0032	-0.0150	-0.0032	-0.0001	0.1432
42	-0.0056	-0.0013	-0.0060	-0.0087	-0.0004	-0.0099	0.1351	-0.0063	-0.0128	-0.0081	-0.0015	-0.0095	-0.0042	-0.0098	-0.0219	-0.0089	-0.0083	-0.0062	-0.0007	-0.0051	0.1351
96	-0.0083	0.0185	-0.0031	-0.0031	-0.0157	-0.0335	-0.0031	-0.0079	-0.0120	-0.0126	-0.0031	-0.0031	-0.0031	-0.0062	-0.0031	0.0503	-0.0140	0.0658	-0.0028	-0.0002	0.1346
81	-0.0030	0.0022	-0.0011	-0.0096	-0.0030	-0.0030	0.0014	-0.0030	-0.0336	-0.0030	0.1111	-0.0036	0.0003	-0.0030	-0.0492	-0.0059	-0.0085	0.0104	0.0030	0.0010	0.1292
20	-0.0050	-0.0040	-0.0066	-0.0085	-0.0007	-0.0097	-0.0037	-0.0059	-0.0130	-0.0063	-0.0005	-0.0094	-0.0021	-0.0042	-0.0167	-0.0100	-0.0080	-0.0057	0.0004	0.1195	0.1199
58	0.0491	-0.0034	-0.0055	-0.0097	-0.0028	-0.0104	-0.0128	-0.0094	-0.0065	-0.0121	0.0193	-0.0069	-0.0053	-0.0111	-0.0102	-0.0096	0.0062	0.0446	-0.0032	-0.0001	0.1193
34	-0.0042	0.0007	-0.0046	-0.0078	0.0017	-0.0092	0.1070	-0.0051	-0.0127	-0.0071	0.0005	-0.0080	-0.0035	-0.0081	-0.0221	-0.0081	-0.0028	-0.0050	0.0015	-0.0030	0.1114
57	-0.0083	-0.0029	-0.0029	-0.0094	-0.0029	-0.0102	0.0769	-0.0041	-0.0126	0.0329	-0.0029	-0.0029	-0.0034	-0.0080	-0.0179	-0.0114	-0.0039	-0.0029	-0.0029	-0.0000	0.1098
74	-0.0025	0.0022	-0.0015	-0.0084	0.0035	-0.0029	0.0526	-0.0032	-0.0196	0.0428	0.0018	-0.0042	-0.0029	-0.0336	-0.0141	-0.0063	-0.0055	-0.0031	0.0032	0.0015	0.1077
50	-0.0086	-0.0030	-0.0030	-0.0030	0.0028	-0.0097	0.0884	-0.0066	-0.0180	-0.0030	0.0016	-0.0089	-0.0030	-0.0030	-0.0222	-0.0030	-0.0055	-0.0064	0.0030	0.0115	0.1073
73	-0.0046	-0.0006	-0.0084	-0.0075	0.0002	-0.0087	0.0662	-0.0088	-0.0195	-0.0058	-0.0008	0.0084	-0.0024	-0.0048	-0.0150	0.0300	-0.0090	-0.0052	-0.0000	-0.0034	0.1047
71	-0.0708	0.0034	-0.0004	-0.0028	0.0041	-0.0061	0.0030	-0.0006	-0.0028	-0.0006	0.0032	-0.0004	-0.0027	0.0013	-0.0066	0.0312	0.0541	-0.0065	0.0038	-0.0037	0.1042
91	-0.0043	-0.0002	-0.0029	-0.0102	0.0006	-0.0083	-0.0034	-0.0050	-0.0142	-0.0078	-0.0004	-0.0049	-0.0031	0.1029	-0.0190	-0.0074	-0.0069	-0.0049	0.0004	-0.0012	0.1039
9	0.0373	-0.0004	-0.0022	-0.0057	0.0025	0.0330	0.0009	-0.0059	-0.0098	-0.0036	0.0014	0.0261	-0.0005	-0.0018	-0.0387	-0.0258	-0.0061	-0.0035	0.0023	0.0002	0.1039
1	0.0078	0.0158	-0.0005	-0.0048	0.0020	-0.0061	0.0015	0.0378	-0.0089	0.0110	0.0020	-0.0025	0.0080	-0.0013	-0.0122	-0.0531	0.0142	-0.0026	0.0025	-0.0106	0.1026
83	-0.0066	-0.0005	0.0086	0.0263	0.0002	-0.0139	-0.0059	-0.0077	-0.0142	-0.0056	-0.0007	0.0656	-0.0021	-0.0044	-0.0141	-0.0076	-0.0071	-0.0071	0.0000	-0.0033	0.1007
54	-0.0038	0.0005	-0.0028	-0.0090	0.0013	-0.0080	-0.0030	-0.0045	-0.0153	-0.0063	0.0003	-0.0044	-0.0039	0.0968	-0.0205	-0.0070	-0.0065	-0.0044	0.0011	-0.0006	0.1000
19	-0.0064	-0.0003	0.0843	0.0145	0.0005	-0.0151	-0.0014	-0.0050	-0.0199	-0.0054	-0.0005	-0.0056	-0.0019	-0.0052	-0.0141	-0.0074	-0.0028	-0.0069	0.0002	-0.0015	0.0995
68	-0.0039	0.0000	-0.0025	-0.0096	0.0008	-0.0078	-0.0031	-0.0046	-0.0134	-0.0064	-0.0001	-0.0045	-0.0043	0.0959	-0.0184	-0.0069	-0.0064	-0.0045	0.0006	-0.0009	0.0974
17	-0.0056	0.0002	0.0220	0.0713	0.0010	-0.0145	-0.0016	-0.0045	-0.0140	-0.0048	0.0000	-0.0100	-0.0013	-0.0037	-0.0135	-0.0068	-0.0063	-0.0065	0.0008	-0.0021	0.0954
84	-0.0051	-0.0001	-0.0052	0.0940	0.0007	-0.0127	-0.0007	-0.0045	-0.0173	-0.0049	-0.0002	-0.0045	-0.0015	-0.0047	-0.0131	-0.0068	-0.0063	-0.0067	0.0005	-0.0010	0.0952
80	-0.0063	-0.0013	0.0728	-0.0128	-0.0004	0.0220	-0.0019	-0.0029	-0.0118	-0.0061	-0.0011	-0.0035	-0.0024	-0.0044	-0.0247	-0.0085	-0.0029	-0.0029	-0.0011	0.0001	0.0949
86	-0.0065	0.0002	-0.0041	-0.0078	0.0002	-0.0121	-0.0004	-0.0084	-0.0105	-0.0066	-0.0017	-0.0044	-0.0013	-0.0031	-0.0136	-0.0069	-0.0063	0.0932	0.0008	-0.0007	0.0944
18	-0.0053	-0.0001	-0.0029	-0.0130	0.0008	0.0930	-0.0006	-0.0045	-0.0102	-0.0048	-0.0001	-0.0044	-0.0014	-0.0032	-0.0227	-0.0073	-0.0063	-0.0060	0.0002	-0.0009	0.0939
82	-0.0051	-0.0002	-0.0051	0.0919	0.0006	-0.0117	-0.0008	-0.0044	-0.0173	-0.0047	-0.0003	-0.0043	-0.0015	-0.0057	-0.0125	-0.0065	-0.0061	-0.0057	0.0004	-0.0011	0.0928
35	-0.0031	-0.0031	-0.0005	-0.0031	0.0127	-0.0114	0.0033	-0.0064	-0.0172	0.0619	0.0043	-0.0051	0.0016	-0.0056	-0.0238	-0.0031	-0.0031	-0.0062	0.0059	0.0020	0.0917
92	-0.0040	0.0019	-0.0042	0.0799	0.0028	-0.0127	0.0012	-0.0032	-0.0288	-0.0036	0.0017	-0.0031	0.0003	-0.0029	-0.0130	-0.0058	-0.0052	-0.0048	0.0026	0.0008	0.0911
7	-0.0047	0.0017	-0.0029	-0.0029	0.0027	-0.0077	-0.0017	-0.0038	-0.0109	-0.0068	0.0015	-0.0037	0.0811	-0.0029	-0.0167	-0.0092	-0.0125	-0.0037	0.0024	0.0006	0.0900
14	-0.0051	0.0005	0.0200	0.0662	0.0013	-0.0136	-0.0016	-0.0042	-0.0108	-0.0045	0.0004	-0.0111	-0.0010	-0.0031	-0.0131	-0.0065	-0.0060	-0.0059	0.0011	-0.0029	0.0895
88	0.0439	0.0014	-0.0043	0.0347	0.0022	-0.0112	0.0008	-0.0032	-0.0295	-0.0036	0.0013	-0.0031	-0.0001	-0.0044	-0.0121	-0.0056	-0.0051	-0.0051	0.0020	0.0011	0.0875
11	-0.0050	0.0004	0.0523	0.0318	0.0012	-0.0128	-0.0017	-0.0041	-0.0099	-0.0045	0.0002	-0.0120	-0.0011	-0.0029	-0.0127	-0.0064	-0.0059	-0.0057	0.0009	-0.0023	0.0869
31	-0.0038	-0.0020	-0.0026	-0.0063	0.0004	-0.0119	-0.0009	-0.0059	-0.0096	-0.0047	-0.0005	-0.0103	-0.0017	-0.0032	-0.0188	0.0328	0.0524	-0.0043	0.0002	0.0005	0.0864
8	-0.0058	-0.0006	-0.0023	-0.0064	-0.0004	-0.0074	-0.0005	-0.0043	-0.0099	-0.0070	-0.0001	-0.0042	-0.0039	-0.0030	-0.0127	0.0846	-0.0097	-0.0042	0.0006	-0.0028	0.0852
16	-0.0033	0.0006	-0.0020	-0.0113	0.0013	-0.0072	-0.0001	-0.0049	0.0311	-0.0044	0.0497	-0.0075	-0.0009	-0.0043	-0.0196	-0.0064	-0.0075	-0.0040	0.0011	-0.0004	0.0838
62	-0.0036	-0.0005	-0.0029	-0.0069	0.0002	0.0631	-0.0011	-0.0048	-0.0186	-0.0052	-0.0021	-0.0047	-0.0029	-0.0043	0.0195	-0.0101	-0.0080	-0.0048	-0.0011	-0.0013	0.0829
77	-0.0035	0.0002	-0.0022	-0.0110	0.0009	-0.0071	-0.0005	-0.0056	0.0803	-0.0031	-0.0001	-0.0069	-0.0012	-0.0044	-0.0177	-0.0063	-0.0077	-0.0041	0.0007	-0.0007	0.0821
28	-0.0034	0.0005	-0.0021	-0.0079	0.0013	-0.0029	-0.0024	-0.0041	-0.0128	-0.0057	0.0003	-0.0040	-0.0019	0.0774	-0.0168	-0.0064	-0.0059	-0.0040	0.0011	-0.0005	0.0805
25	-0.0060	-0.0011	-0.0073	-0.0030	-0.0030	0.0685	-0.0017	-0.0075	-0.0041	-0.0069	-0.0081	-0.0059	-0.0025	-0.0042	-0.0030	-0.0073	-0.0073	0.0108	-0.0005	0.0000	0.0792
78	-0.0044	0.0009	-0.0038	0.0725	0.0017	-0.0102	0.0003	-0.0036	-0.0163	-0.0039	0.0008	-0.0035	-0.0005	-0.0033	-0.0122	-0.0059	-0.0053	-0.0047	0.0015	-0.0000	0.0777
49	-0.0053	0.0009	-0.0014	-0.0064	0.0013	-0.0081	0.0005	-0.0034	-0.0113	-0.0049	0.0021	-0.0043	-0.0029	-0.0029	-0.0144	0.0694	-0.0088	-0.0033	0.0027	0.0004	0.0773
5	0.0058	0.0000	-0.0028	-0.0093	0.0008	-0.0099	-0.0006	-0.0072	-0.0067	-0.0053	-0.0002	-0.0054	-0.0035	-0.0035	-0.0161	0.0344	0.0348	-0.0066	0.0006	0.0009	0.0773
90	-0.0016	0.0003	-0.0029	-0.0029	0.0045	-0.0086	0.0015	-0.0029	-0.0116	-0.0031	0.0040	-0.0061	-0.0029	-0.0006	-0.0159	-0.0096	-0.0053	-0.0025	0.0051	0.0612	0.0765
69	-0.0031	0.0004	-0.0019	-0.0056	0.0011	-0.0115	-0.0002	-0.0051	-0.0185	-0.0040	0.0002	-0.0036	-0.0009	-0.0025	0.0738	-0.0085	-0.0067	-0.0036	0.0008	-0.0005	0.0763
22	-0.0031	0.0004	-0.0028	-0.0098	0.0010	-0.0065	-0.0002	-0.0047	0.0735	-0.0040	-0.0002	-0.0063	-0.0010	-0.0044	-0.0164	-0.0057	-0.0066	-0.0036	0.0009	-0.0005	0.0758
15	-0.0037	-0.0002	-0.0025	-0.0131	0.0005	-0.0073	-0.0008	-0.0045	0.0136	-0.0047	-0.0022	-0.0084	-0.0015	-0.0054	0.0596	-0.0065	-0.0080	-0.0043	0.0003	-0.0010	0.0740
94	-0.0061	0.0012	-0.0014	-0.0029	0.0019	-0.0065	0.0005	-0.0050	-0.0116	-0.0037	0.0005	-0.0058	-0.0028	-0.0021	-0.0126	-0.0082	0.0658	-0.0033	0.0017	0.0003	0.0718
60	-0.0068	-0.0007	-0.0027	-0.0074	-0.0001	-0.0085	-0.0007	-0.0052	-0.0029	-0.0063	-0.0008	-0.0029	-0.0029	-0.0035	-0.0155	0.0028	0.0682	-0.0029	0.0006	-0.0019	0.0715
44	-0.0030	0.0002	-0.0020	-0.0092	0.0007	-0.0062	-0.0003	-0.0038	0.0692	-0.0039	-0.0029	-0.0077	-0.0012	-0.0037	-0.0151	-0.0055	-0.0029	-0.0035	0.0006	0.0002	0.0709
65	-0.0030	-0.0031	-0.0030	-0.0060	0.0454	-0.0098	0.0048	-0.0085	-0.0030	-0.0030	0.0060	-0.0044	0.0028	-0.0030	-0.0030	-0.0136	-0.0030	-0.0030	0.0078	0.0030	0.0698
52	-0.0029	0.0011	-0.0015	-0.0082	0.0019	-0.0070	-0.0021	-0.0029	-0.0177	-0.0057	0.0010	-0.0035	-0.0030	0.0371	0.0265	-0.0060	-0.0055	-0.0035	0.0017	0.0001	0.0694
6	-0.0038	-0.0001	-0.0025	-0.0120	0.0006	-0.0075	-0.0008	-0.0060	0.0032	-0.0048	-0.0011	-0.0087	-0.0016	0.0379	0.0269	-0.0067	-0.0080	-0.0044	0.0004	-0.0010	0.0691
4	-0.0054	-0.0002	-0.0059	0.0389	0.0006	-0.0080	-0.0008	-0.0028	-0.0098	-0.0048	-0.0003	-0.0044	-0.0016	-0.0048	0.0290	-0.0067	-0.0062	-0.0061	0.0004	-0.0011	0.0688
56	-0.0043	0.0013	-0.0042	-0.0035	0.0005	-0.0029	-0.0029	-0.0073	-0.0088	-0.0047	0.0010	-0.0031	-0.0031	-0.0018	-0.0116	-0.0054	-0.0049	0.0633	0.0019	0.0004	0.0684
30	-0.0030	-0.0001	-0.0029	-0.0058	0.0016	-0.0098	-0.0043	-0.0055	-0.0029	-0.0047	0.0007	0.0037	-0.0007	-0.0024	-0.0160	0.0611	-0.0067	-0.0029	0.0014	-0.0008	0.0684
59	-0.0026	0.0006	-0.0041	-0.0053	0.0020	-0.0070	-0.0004	-0.0029	-0.0152	-0.0036	0.0010	0.0258	-0.0002	-0.0020	-0.0132	0.0369	-0.0074	-0.0032	0.0018	-0.0012	0.0681
85	-0.0039	0.0007	0.0625	-0.0092	0.0015	-0.0097	-0.0029	-0.0029	-0.0029	-0.0029	0.0006	-0.0078	-0.0007	-0.0029	-0.0029	-0.0061	-0.0056	-0.0067	0.0013	0.0008	0.0674
61	-0.0028	0.0011	-0.0029	-0.0056	0.0006	-0.0029	-0.0008	-0.0056	-0.0093	0.0622	0.0010	-0.0034	-0.0029	-0.0031	-0.0140	-0.0058	-0.0029	-0.0049	0.0017	0.0002	0.0668
26	-0.0030	0.0012	-0.0015	-0.0044	0.0008	-0.0032	0.0005	0.0256	-0.0099	-0.0050	-0.0016	-0.0063	-0.0004	-0.0023	-0.0130	-0.0081	0.0355	-0.0074	0.0018	0.0006	0.0660
45	-0.0025	0.0011	-0.0012	-0.0061	0.0019	-0.0029	0.0005	-0.0035	0.0591	-0.0035	-0.0029	-0.0058	-0.0029	-0.0032	-0.0153	-0.0053	-0.0064	-0.0031	0.0017	0.0002	0.0645
66	-0.0040	0.0021	-0.0038	0.0508	0.0031	-0.0116	0.0012	-0.0048	-0.0094	-0.0040	0.0019	-0.0035	0.0002	-0.0035	-0.0039	-0.0065	-0.0029	-0.0060	0.0028	0.0017	0.0638
55	-0.0036	0.0004	-0.0054	-0.0066	0.0025	0.0541	0.0010	-0.0029	-0.0029	-0.0035	0.0015	-0.0030	0.0001	-0.0017	-0.0152	-0.0095	-0.0050	-0.0029	0.0022	0.0004	0.0621
63	-0.0012	0.0050	0.0014	-0.0031	0.0295	-0.0034	0.0052	-0.0060	-0.0031	-0.0087	0.0061	-0.0024	0.0035	0.0001	-0.0175	-0.0031	-0.0031	-0.0072	0.0076	0.0002	0.0586
48	-0.0029	0.0015	0.0287	0.0212	0.0022	-0.0108	0.0009	-0.0025	-0.0129	-0.0028	0.0014	-0.0028	0.0002	-0.0026	-0.0100	-0.0045	-0.0029	-0.0038	0.0020	0.0004	0.0585
38	-0.0029	0.0025	-0.0029	-0.0136	0.0032	-0.0040	0.0020	-0.0029	0.0447	-0.0017	-0.0029	-0.0035	0.0013	-0.0013	-0.0123	-0.0033	-0.0043	-0.0029	0.0030	0.0017	0.0583
41	0.0284	0.0023	-0.0002	-0.0043	0.0030	-0.0052	0.0016	-0.0049	-0.0103	-0.0025	0.0000	-0.0029	-0.0010	-0.0009	-0.0184	-0.0055	0.0199	-0.0021	0.0028	0.0002	0.0582
32	-0.0030	0.0010	-0.0067	0.0518	0.0017	-0.0029	0.0005	-0.0028	-0.0117	-0.0031	0.0009	-0.0027	-0.0002	-0.0026	-0.0099	-0.0047	-0.0032	-0.0041	0.0015	0.0002	0.0575
21	-0.0014	0.0030	-0.0029	-0.0029	0.0013	-0.0061	0.0025	0.0432	-0.0029	-0.0040	0.0017	-0.0029	0.0014	-0.0031	-0.0130	-0.0067	-0.0064	-0.0052	0.0041	0.0002	0.0575
29	-0.0026	0.0019	0.0304	-0.0085	0.0026	-0.0085	0.0001	-0.0029	-0.0079	-0.0028	0.0017	0.0179	0.0005	-0.0029	-0.0105	-0.0029	-0.0041	-0.0029	0.0024	-0.0008	0.0573
64	-0.0029	-0.0029	-0.0001	-0.0029	0.0026	-0.0039	0.0007	-0.0039	-0.0029	0.0498	0.0023	-0.0025	-0.0038	-0.0029	-0.0062	-0.0105	-0.0048	-0.0038	-0.0029	0.0018	0.0572
33	-0.0014	0.0032	-0.0029	-0.0029	0.0035	-0.0029	0.0025	0.0390	-0.0029	-0.0034	0.0019	-0.0066	0.0015	-0.0029	-0.0125	-0.0080	-0.0059	-0.0042	0.0039	0.0012	0.0567
51	-0.0010	0.0118	0.0009	-0.0030	0.0048	-0.0075	0.0036	-0.0030	-0.0061	-0.0024	0.0042	-0.0030	0.0024	-0.0001	-0.0216	0.0218	-0.0049	-0.0018	0.0039	0.0011	0.0545
24	-0.0021	0.0013	-0.0010	-0.0044	0.0020	-0.0057	0.0008	-0.0036	0.0482	-0.0031	0.0002	-0.0048	-0.0001	-0.0029	-0.0136	-0.0048	-0.0057	-0.0027	0.0018	0.0002	0.0544
27	-0.0022	0.0007	-0.0028	-0.0094	0.0027	0.0440	0.0014	-0.0029	-0.0069	-0.0022	0.0019	-0.0020	0.0007	-0.0008	-0.0127	-0.0057	-0.0035	-0.0029	0.0023	0.0002	0.0539
37	0.0287	0.0008	-0.0029	-0.0031	0.0016	-0.0029	0.0000	-0.0049	-0.0111	-0.0065	-0.0026	-0.0029	-0.0010	-0.0029	-0.0035	-0.0029	-0.0065	0.0211	0.0014	0.0001	0.0538
76	-0.0010	0.0054	0.0017	-0.0042	0.0065	-0.0031	0.0027	-0.0012	-0.0094	-0.0031	0.0051	-0.0011	0.0243	-0.0008	-0.0160	-0.0031	-0.0079	-0.0011	0.0062	0.0001	0.0519
40	-0.0041	0.0026	-0.0029	-0.0042	0.0034	-0.0052	0.0020	-0.0031	-0.0029	-0.0023	0.0020	-0.0025	-0.0000	-0.0007	-0.0151	-0.0054	0.0365	-0.0029	0.0032	0.0017	0.0514
53	-0.0007	0.0030	-0.0029	-0.0029	0.0037	-0.0087	0.0024	-0.0026	-0.0141	-0.0016	0.0028	-0.0029	0.0016	-0.0002	0.0335	-0.0083	-0.0046	-0.0012	0.0035	0.0002	0.0507
89	-0.0029	0.0028	-0.0030	-0.0030	0.0026	-0.0061	0.0021	-0.0050	-0.0030	-0.0081	0.0008	-0.0030	0.0011	-0.0030	-0.0030	-0.0050	-0.0045	0.0365	0.0035	0.0001	0.0494
23	-0.0009	0.0034	-0.0030	-0.0030	0.0022	-0.0055	-0.0033	-0.0027	-0.0081	0.0345	0.0025	-0.0016	-0.0030	-0.0030	-0.0033	-0.0030	-0.0037	-0.0027	0.0037	0.0005	0.0468
43	-0.0020	0.0045	0.0002	-0.0050	0.0053	-0.0066	0.0015	-0.0062	-0.0031	0.0206	0.0040	-0.0030	-0.0009	-0.0031	-0.0031	-0.0031	-0.0044	-0.0043	0.0054	0.0032	0.0447
36	-0.0012	0.0019	-0.0003	-0.0030	0.0025	-0.0046	0.0013	-0.0043	0.0313	-0.0022	0.0011	-0.0046	0.0007	-0.0014	-0.0110	-0.0039	-0.0030	-0.0019	0.0024	0.0001	0.0413
72	-0.0031	0.0043	0.0170	-0.0083	0.0053	-0.0031	0.0028	-0.0017	-0.0032	-0.0021	0.0041	-0.0045	0.0024	-0.0000	-0.0031	-0.0046	-0.0040	-0.0036	0.0051	0.0002	0.0412
67	-0.0036	0.0028	-0.0006	-0.0030	0.0045	0.0194	0.0032	-0.0005	-0.0030	-0.0009	0.0036	-0.0004	0.0024	0.0007	-0.0168	-0.0044	-0.0030	-0.0048	0.0041	0.0003	0.0411
95	-0.0025	0.0018	-0.0029	-0.0029	0.0032	0.0283	0.0017	-0.0025	-0.0029	-0.0029	0.0022	-0.0024	0.0008	-0.0029	-0.0043	-0.0066	-0.0045	-0.0036	0.0026	0.0004	0.0410
79	-0.0003	0.0046	0.0013	-0.0031	0.0051	-0.0031	0.0034	-0.0015	-0.0085	0.0154	0.0040	-0.0010	-0.0016	-0.0031	-0.0063	-0.0043	-0.0035	-0.0039	0.0051	0.0014	0.0403
75	-0.0081	0.0038	0.0014	-0.0027	0.0046	-0.0036	0.0032	-0.0031	-0.0031	-0.0009	0.0037	-0.0031	0.0008	0.0007	-0.0088	-0.0039	0.0154	-0.0005	0.0044	0.0001	0.0379
46	-0.0011	0.0032	0.0004	-0.0030	0.0012	-0.0054	0.0008	-0.0027	-0.0030	0.0247	0.0027	-0.0018	-0.0030	-0.0030	-0.0030	-0.0050	-0.0030	-0.0026	0.0038	0.0002	0.0369
70	-0.0002	0.0035	0.0011	-0.0029	0.0023	-0.0039	0.0029	0.0074	-0.0063	-0.0034	0.0003	-0.0031	0.0021	0.0004	-0.0031	-0.0052	-0.0031	0.0072	0.0041	0.0001	0.0313
87	-0.0008	0.0030	0.0005	-0.0031	0.0016	-0.0031	0.0024	0.0161	-0.0031	-0.0022	0.0012	-0.0031	0.0016	-0.0001	-0.0031	-0.0054	-0.0036	-0.0024	0.0036	0.0001	0.0299