# Differential preferences fit to each site.
# Regularizing prior: ('invquadratic', 150.0, 0.5)
#
site	dpi_A	dpi_C	dpi_D	dpi_E	dpi_F	dpi_G	dpi_H	dpi_I	dpi_K	dpi_L	dpi_M	dpi_N	dpi_P	dpi_Q	dpi_R	dpi_S	dpi_T	dpi_V	dpi_W	dpi_Y	half_sum_abs_dpi
153	0.0220	0.0085	0.0075	-0.0628	-0.0073	-0.0101	0.0462	0.0057	-0.0740	0.0370	-0.0569	-0.0629	-0.0073	-0.0725	-0.0693	0.0162	-0.0662	0.0234	0.0499	0.2729	0.4893
151	-0.2340	-0.0150	-0.0089	-0.0086	-0.0241	-0.0331	-0.0083	0.0805	0.0783	0.0873	-0.0131	-0.0062	-0.0088	0.0523	0.0435	0.0266	-0.0691	0.0183	0.0458	-0.0035	0.4326
143	0.0184	0.0058	0.0091	0.0678	0.0147	0.0554	-0.0138	0.0167	0.0186	0.0148	0.0229	-0.0096	0.0161	0.0198	-0.0171	0.0119	-0.0116	0.0191	0.0857	-0.3447	0.3968
157	-0.0500	0.0281	-0.0002	0.1543	0.0254	-0.0046	0.0165	0.0626	-0.0298	-0.0614	0.0350	-0.0341	-0.0223	-0.0080	0.0258	-0.0828	-0.0668	0.0243	-0.0150	0.0028	0.3750
150	0.0292	0.0182	0.0419	-0.0074	0.0161	0.0429	-0.0136	-0.0043	-0.0093	0.0274	0.0163	0.0030	-0.0095	-0.2591	0.0235	0.0290	-0.0159	0.0582	0.0095	0.0036	0.3190
152	-0.0741	0.0029	0.0099	0.0051	0.0115	0.0048	0.0020	0.0105	-0.0769	0.0083	0.0154	-0.0727	0.0149	-0.0532	0.0967	0.0549	-0.0268	0.0487	0.0031	0.0149	0.3038
156	-0.0679	0.0091	0.0147	-0.0046	0.0274	0.0276	-0.0096	0.0679	0.0020	0.0326	0.0122	0.0172	-0.0713	0.0201	-0.0414	0.0191	-0.0621	-0.0053	0.0166	-0.0043	0.2664
141	-0.0538	0.0150	0.0118	-0.0049	0.0142	-0.0485	0.0139	-0.0520	0.0372	0.0198	-0.0509	0.0116	0.0108	0.0125	0.0317	0.0076	0.0231	-0.0543	0.0556	-0.0006	0.2650
149	-0.0600	0.0145	0.0181	-0.0416	0.0152	-0.0533	0.0114	0.0066	0.0051	0.1072	0.0159	0.0080	-0.0224	0.0094	0.0175	-0.0340	-0.0529	0.0171	0.0173	0.0009	0.2642
148	0.0643	-0.0068	0.0059	-0.0003	0.0289	-0.0525	0.0569	0.0299	0.0306	-0.0550	0.0077	0.0075	-0.0070	0.0232	-0.0734	-0.0065	-0.0016	-0.0257	0.0068	-0.0330	0.2617
38	-0.0089	-0.0024	-0.0046	-0.0061	-0.0019	-0.0089	-0.0046	-0.0463	-0.0126	-0.0300	0.2481	-0.0066	-0.0089	-0.0061	-0.0220	-0.0139	-0.0338	-0.0261	-0.0006	-0.0037	0.2481
15	-0.0127	-0.0216	-0.0083	-0.0095	-0.0055	-0.0163	-0.0089	-0.0113	-0.0095	-0.0210	-0.0050	-0.0095	-0.0095	-0.0099	-0.0364	-0.0156	-0.0165	-0.0115	0.2452	-0.0065	0.2452
139	-0.0007	0.0014	0.0009	0.0023	0.0805	0.0576	-0.0041	0.0055	-0.0536	0.0028	0.0027	-0.0874	-0.0031	0.0023	-0.0076	-0.0157	-0.0206	0.0650	0.0033	-0.0314	0.2242
155	-0.0704	0.0260	0.0025	0.0028	0.0170	0.0151	0.0053	0.0508	0.0016	0.0252	0.0053	0.0008	0.0118	0.0052	0.0017	-0.0646	0.0216	-0.0637	0.0057	0.0002	0.1987
154	0.0233	0.0049	0.0047	0.0041	-0.0946	0.0029	0.0012	-0.0102	0.0008	-0.0522	0.0788	0.0044	-0.0182	0.0158	0.0371	-0.0059	-0.0026	0.0038	0.0020	0.0000	0.1837
7	-0.0116	-0.0018	0.0384	-0.0100	0.0403	0.0157	0.0111	0.0077	-0.0155	-0.0008	-0.0070	-0.0105	-0.0135	-0.0150	-0.0374	0.0523	-0.0150	-0.0108	-0.0079	-0.0087	0.1655
40	-0.0075	0.0528	-0.0039	-0.0052	-0.0017	-0.0230	-0.0039	-0.0063	-0.0072	-0.0121	-0.0012	-0.0056	-0.0075	-0.0052	-0.0329	-0.0201	-0.0103	-0.0063	0.1104	-0.0033	0.1631
136	-0.0174	0.0018	0.0751	-0.0088	0.0207	0.0623	-0.0086	-0.0054	-0.0066	-0.0100	0.0012	-0.0095	-0.0086	-0.0039	-0.0193	-0.0155	-0.0102	-0.0151	0.0019	-0.0243	0.1630
102	-0.0082	0.0626	-0.0053	-0.0065	-0.0033	-0.0133	-0.0053	-0.0070	-0.0084	-0.0151	-0.0025	-0.0069	-0.0084	-0.0060	-0.0260	-0.0167	-0.0111	-0.0072	0.0945	0.0000	0.1570
1	0.0273	0.0021	0.0032	0.0021	0.0199	0.0002	0.0031	0.0022	-0.0000	-0.0336	0.0053	0.0013	-0.0005	0.0382	-0.0054	-0.0963	-0.0085	0.0023	0.0474	-0.0101	0.1545
9	-0.0912	0.0064	-0.0032	-0.0029	0.0074	0.0206	0.0055	0.0036	0.0028	0.0008	0.0080	0.0046	-0.0372	0.0045	-0.0038	0.0523	0.0235	-0.0108	0.0084	0.0006	0.1490
101	-0.0108	-0.0015	0.1451	-0.0123	-0.0010	-0.0155	-0.0072	-0.0072	-0.0075	-0.0106	-0.0004	-0.0137	-0.0072	-0.0051	-0.0075	-0.0125	-0.0112	-0.0090	0.0003	-0.0052	0.1454
50	0.0189	-0.0054	-0.0069	-0.0080	-0.0050	-0.0099	-0.0068	0.0236	-0.0121	-0.0094	-0.0044	-0.0128	-0.0094	-0.0079	-0.0094	-0.0162	-0.0149	0.1000	-0.0041	0.0001	0.1427
5	-0.0012	0.0049	0.0029	0.0015	0.0200	-0.0011	-0.0040	0.0309	-0.0009	-0.0680	0.0294	0.0009	0.0245	0.0003	-0.0187	-0.0400	-0.0048	0.0186	0.0038	0.0009	0.1386
23	-0.0161	0.0036	0.0034	0.0014	0.1072	-0.0020	0.0034	-0.0053	-0.0077	-0.0508	0.0076	0.0009	-0.0126	-0.0077	-0.0077	-0.0185	-0.0063	-0.0033	0.0085	0.0018	0.1377
35	-0.0091	-0.0076	-0.0101	-0.0044	-0.0031	-0.0060	-0.0041	-0.0088	-0.0082	0.0774	0.0134	-0.0093	-0.0101	-0.0139	0.0464	-0.0112	-0.0167	-0.0082	-0.0058	-0.0006	0.1371
77	-0.0104	-0.0017	-0.0098	0.1368	-0.0013	-0.0135	-0.0034	-0.0057	-0.0167	-0.0090	-0.0008	-0.0049	-0.0070	-0.0081	-0.0130	-0.0105	-0.0094	-0.0085	-0.0003	-0.0028	0.1368
61	-0.0091	-0.0091	-0.0091	-0.0055	-0.0091	-0.0091	-0.0040	-0.0091	-0.0099	-0.0091	0.0792	-0.0059	-0.0082	-0.0055	-0.0091	-0.0129	-0.0091	0.0575	-0.0002	-0.0032	0.1367
121	-0.0098	-0.0007	-0.0089	0.1357	-0.0003	-0.0184	-0.0025	-0.0049	-0.0225	-0.0085	0.0002	-0.0042	-0.0068	-0.0073	-0.0127	-0.0101	-0.0090	-0.0080	0.0008	-0.0018	0.1367
34	-0.0109	-0.0029	-0.0044	-0.0054	-0.0026	-0.0073	-0.0044	-0.0120	-0.0116	-0.0092	0.1354	-0.0092	-0.0092	-0.0054	-0.0159	-0.0124	-0.0053	-0.0064	-0.0017	0.0008	0.1362
110	-0.0065	-0.0011	-0.0029	-0.0081	-0.0006	-0.0065	-0.0105	-0.0053	-0.0124	-0.0124	-0.0002	-0.0045	-0.0110	0.1332	-0.0245	-0.0105	-0.0093	-0.0052	0.0004	-0.0022	0.1336
68	-0.0101	-0.0038	-0.0053	-0.0064	-0.0034	-0.0084	-0.0102	-0.0073	-0.0081	0.0678	-0.0033	-0.0067	-0.0115	-0.0102	0.0653	-0.0145	-0.0140	-0.0074	-0.0026	0.0000	0.1331
146	-0.0039	0.0007	0.0080	-0.0015	0.0019	0.0193	0.0280	-0.0040	0.0107	-0.0069	-0.0008	-0.0019	-0.0068	-0.0028	-0.0690	0.0641	-0.0227	-0.0025	-0.0102	0.0003	0.1330
60	-0.0050	-0.0022	-0.0015	-0.0028	0.0007	-0.0158	-0.0061	-0.0038	-0.0048	-0.0152	0.0011	-0.0031	0.0381	0.0904	-0.0374	-0.0112	-0.0077	-0.0038	-0.0092	-0.0008	0.1304
140	0.0380	0.0037	0.0020	0.0006	0.0043	-0.0460	0.0019	-0.0072	0.0197	-0.0050	0.0043	-0.0003	0.0275	-0.0016	-0.0529	0.0226	-0.0163	-0.0004	0.0044	0.0007	0.1296
52	-0.0085	-0.0136	-0.0048	-0.0066	-0.0024	0.0097	-0.0048	-0.0089	-0.0092	-0.0074	-0.0012	-0.0089	-0.0100	-0.0064	-0.0089	-0.0089	-0.0134	0.0456	0.0725	-0.0038	0.1277
10	-0.0059	-0.0003	-0.0027	0.0797	0.0001	-0.0062	-0.0140	-0.0044	-0.0153	-0.0135	0.0006	-0.0037	0.0462	-0.0076	-0.0301	-0.0095	-0.0084	-0.0046	0.0011	-0.0014	0.1277
137	-0.0057	-0.0121	-0.0025	-0.0036	0.0674	-0.0122	-0.0026	-0.0048	-0.0055	-0.0083	0.0001	-0.0041	-0.0070	-0.0036	-0.0229	0.0200	-0.0084	-0.0047	-0.0192	0.0399	0.1274
116	-0.0062	-0.0009	-0.0026	-0.0076	-0.0004	-0.0062	-0.0112	-0.0050	-0.0124	-0.0118	0.0001	-0.0043	-0.0100	0.1267	-0.0227	-0.0101	-0.0090	-0.0050	0.0006	-0.0019	0.1274
6	-0.0037	-0.0020	0.0004	-0.0005	0.0029	-0.0180	0.0016	-0.0102	-0.0019	-0.0050	0.0033	0.0503	-0.0030	0.0407	-0.0325	-0.0475	0.0215	-0.0015	0.0038	0.0014	0.1258
58	-0.0062	-0.0012	-0.0028	-0.0117	-0.0008	-0.0062	-0.0028	-0.0077	0.1252	-0.0084	-0.0012	-0.0117	-0.0062	-0.0078	-0.0208	-0.0098	-0.0128	-0.0050	0.0002	-0.0022	0.1254
106	-0.0061	-0.0009	-0.0026	-0.0038	-0.0033	-0.0061	-0.0026	0.1238	-0.0061	-0.0119	-0.0030	-0.0087	-0.0071	-0.0038	-0.0126	-0.0140	-0.0180	-0.0116	0.0006	-0.0019	0.1244
73	-0.0059	-0.0011	-0.0027	-0.0120	-0.0006	-0.0059	-0.0027	-0.0076	0.1223	-0.0081	-0.0008	-0.0119	-0.0059	-0.0075	-0.0209	-0.0095	-0.0127	-0.0048	0.0003	-0.0020	0.1226
142	0.0155	-0.0009	0.0319	-0.0177	-0.0005	-0.0160	-0.0028	-0.0049	-0.0237	-0.0088	0.0000	-0.0043	0.0572	-0.0081	-0.0127	0.0159	-0.0098	-0.0088	0.0006	-0.0020	0.1211
48	-0.0059	-0.0006	-0.0024	-0.0113	-0.0001	-0.0059	-0.0024	-0.0060	0.1199	-0.0083	-0.0016	-0.0115	-0.0059	-0.0073	-0.0211	-0.0099	-0.0141	-0.0047	0.0009	-0.0017	0.1208
144	-0.0088	-0.0011	-0.0075	0.1191	-0.0006	-0.0126	-0.0028	-0.0052	-0.0132	-0.0087	-0.0002	-0.0044	-0.0063	-0.0065	-0.0128	-0.0102	-0.0091	-0.0072	0.0004	-0.0022	0.1195
39	-0.0057	-0.0008	-0.0096	-0.0036	-0.0006	-0.0057	-0.0060	0.0645	-0.0150	-0.0082	-0.0001	0.0518	-0.0057	-0.0036	-0.0117	-0.0173	-0.0135	-0.0052	0.0006	-0.0049	0.1170
65	-0.0096	0.0002	0.0659	-0.0134	0.0007	-0.0144	-0.0057	-0.0039	-0.0048	-0.0073	0.0011	-0.0167	-0.0050	-0.0028	-0.0113	-0.0088	-0.0078	0.0473	0.0017	-0.0054	0.1169
63	-0.0194	0.0011	0.0017	0.0001	0.1009	-0.0136	0.0017	-0.0045	-0.0079	-0.0157	0.0053	-0.0004	-0.0029	-0.0079	-0.0110	-0.0234	-0.0066	-0.0035	0.0060	0.0001	0.1168
87	-0.0096	-0.0010	-0.0025	-0.0037	-0.0005	-0.0057	-0.0057	-0.0047	-0.0055	-0.0141	-0.0001	-0.0040	0.1154	-0.0054	-0.0163	-0.0162	-0.0142	-0.0046	0.0004	-0.0020	0.1157
28	0.0257	0.0002	-0.0018	-0.0029	0.0006	-0.0052	-0.0015	0.0306	-0.0146	-0.0079	0.0552	-0.0038	-0.0116	-0.0028	-0.0191	-0.0159	-0.0252	-0.0009	0.0016	-0.0009	0.1139
11	-0.0117	-0.0031	-0.0018	-0.0083	-0.0026	0.0155	-0.0050	-0.0073	0.0002	-0.0110	-0.0021	-0.0081	-0.0092	0.0452	-0.0163	0.0510	-0.0086	-0.0112	-0.0015	-0.0041	0.1119
111	-0.0060	-0.0007	-0.0024	-0.0037	-0.0027	-0.0060	-0.0024	0.1108	-0.0059	-0.0119	-0.0027	-0.0083	-0.0060	-0.0037	-0.0073	-0.0139	-0.0158	-0.0105	0.0008	-0.0017	0.1117
36	-0.0046	0.0007	-0.0098	-0.0023	0.0012	-0.0046	-0.0055	-0.0084	-0.0166	-0.0069	0.0017	0.0641	-0.0046	-0.0023	-0.0111	-0.0187	-0.0128	-0.0034	0.0023	0.0416	0.1115
51	0.0317	0.0001	-0.0016	-0.0029	0.0006	-0.0051	-0.0012	-0.0039	-0.0036	-0.0233	0.0010	0.0407	-0.0151	-0.0108	0.0351	-0.0264	-0.0117	-0.0040	0.0015	-0.0012	0.1109
131	-0.0089	0.0013	0.0275	-0.0082	0.0018	0.0707	-0.0004	-0.0025	-0.0367	-0.0059	0.0022	-0.0020	-0.0036	-0.0089	-0.0099	-0.0074	-0.0063	-0.0079	0.0027	0.0024	0.1086
147	-0.0089	-0.0012	-0.0090	-0.0079	0.0124	-0.0093	-0.0028	-0.0144	-0.0059	0.0382	-0.0056	-0.0051	-0.0061	-0.0042	-0.0119	-0.0033	0.0568	-0.0120	0.0000	0.0002	0.1077
145	-0.0064	-0.0013	-0.0030	-0.0100	-0.0008	-0.0065	-0.0030	-0.0070	0.0419	-0.0087	-0.0013	-0.0110	-0.0064	-0.0087	-0.0035	-0.0103	-0.0125	-0.0052	0.0658	-0.0023	0.1077
54	-0.0083	0.0494	-0.0010	-0.0137	0.0024	0.0465	0.0001	-0.0024	-0.0033	-0.0060	0.0028	-0.0015	-0.0035	-0.0012	-0.0437	-0.0088	-0.0061	-0.0077	0.0033	0.0027	0.1071
124	-0.0065	-0.0005	-0.0024	-0.0038	-0.0007	-0.0072	-0.0024	0.0129	-0.0067	-0.0139	-0.0026	-0.0021	-0.0063	-0.0037	-0.0108	-0.0173	-0.0195	0.0234	0.0013	0.0688	0.1064
123	-0.0040	0.0027	-0.0234	-0.0081	0.0033	-0.0040	-0.0021	-0.0061	0.0665	-0.0081	0.0039	0.0247	-0.0039	-0.0081	-0.0081	-0.0125	-0.0081	-0.0081	0.0046	-0.0007	0.1056
19	-0.0050	-0.0006	-0.0066	-0.0030	-0.0001	-0.0051	-0.0137	-0.0040	-0.0048	-0.0115	0.0004	-0.0056	-0.0090	-0.0137	0.0273	-0.0085	-0.0090	-0.0039	0.0009	0.0754	0.1041
22	-0.0096	-0.0021	0.0710	-0.0053	0.0009	0.0293	-0.0014	-0.0076	-0.0047	-0.0074	0.0013	-0.0031	-0.0117	-0.0076	-0.0105	-0.0145	-0.0108	-0.0070	0.0015	-0.0007	0.1040
8	-0.0071	-0.0027	-0.0041	-0.0051	0.0096	-0.0070	-0.0124	-0.0022	-0.0068	-0.0114	-0.0028	-0.0055	0.0260	-0.0055	-0.0162	0.0402	0.0278	-0.0097	-0.0017	-0.0036	0.1035
99	-0.0089	0.0007	0.0591	0.0388	0.0011	-0.0138	-0.0049	-0.0035	-0.0061	-0.0070	0.0016	-0.0137	-0.0046	-0.0030	-0.0111	-0.0085	-0.0074	-0.0073	0.0022	-0.0036	0.1034
97	-0.0095	0.0003	0.0409	0.0582	0.0007	-0.0143	-0.0016	-0.0037	-0.0157	-0.0071	0.0012	-0.0036	-0.0048	-0.0070	-0.0111	-0.0086	-0.0076	-0.0073	0.0017	-0.0009	0.1030
56	-0.0057	-0.0007	-0.0024	-0.0036	0.0021	-0.0057	-0.0029	-0.0060	-0.0056	0.0114	-0.0043	-0.0039	-0.0086	0.0352	-0.0141	-0.0175	-0.0085	-0.0111	-0.0022	0.0544	0.1030
42	-0.0041	0.1004	-0.0007	-0.0019	-0.0018	-0.0077	-0.0007	-0.0030	-0.0039	-0.0063	0.0019	-0.0023	-0.0041	-0.0019	-0.0227	-0.0143	-0.0068	-0.0029	-0.0022	-0.0150	0.1023
30	-0.0041	0.0013	-0.0146	-0.0019	0.0017	-0.0041	0.0384	-0.0076	0.0302	-0.0065	0.0022	0.0245	-0.0041	-0.0019	-0.0108	-0.0260	-0.0131	-0.0029	0.0028	-0.0036	0.1011
92	-0.0051	0.0074	-0.0002	-0.0018	0.0005	-0.0086	-0.0003	-0.0034	-0.0047	-0.0084	0.0039	-0.0025	-0.0051	-0.0018	-0.0123	-0.0335	-0.0091	-0.0033	0.0017	0.0866	0.1001
75	-0.0047	0.0005	-0.0013	0.0390	0.0010	-0.0048	-0.0012	-0.0062	0.0570	-0.0071	0.0004	-0.0134	-0.0047	-0.0070	-0.0234	-0.0086	-0.0133	-0.0036	0.0020	-0.0005	0.0998
138	-0.0065	0.0375	-0.0029	-0.0080	-0.0008	-0.0066	-0.0096	-0.0052	-0.0141	-0.0132	-0.0003	-0.0045	0.0221	0.0073	-0.0108	0.0321	-0.0092	-0.0052	0.0002	-0.0021	0.0993
125	-0.0042	0.0009	-0.0008	-0.0064	0.0013	-0.0042	-0.0105	-0.0031	0.0383	-0.0112	0.0016	-0.0029	-0.0156	0.0539	-0.0211	-0.0079	-0.0071	-0.0031	0.0023	-0.0002	0.0982
88	-0.0129	-0.0013	-0.0018	-0.0029	-0.0016	-0.0049	-0.0017	-0.0039	-0.0047	-0.0123	0.0007	-0.0032	-0.0130	-0.0029	-0.0107	0.0973	-0.0132	-0.0038	-0.0006	-0.0026	0.0980
31	0.0376	0.0006	-0.0013	-0.0024	0.0011	-0.0045	-0.0043	-0.0034	-0.0043	-0.0165	0.0012	-0.0027	0.0552	-0.0052	-0.0162	-0.0185	-0.0141	-0.0034	0.0018	-0.0007	0.0975
133	-0.0046	-0.0145	-0.0073	-0.0022	-0.0011	-0.0046	0.0560	-0.0034	-0.0043	-0.0072	0.0019	-0.0085	-0.0047	-0.0024	-0.0097	-0.0116	-0.0075	-0.0033	0.0025	0.0367	0.0971
66	-0.0093	0.0010	0.0021	-0.0144	0.0014	-0.0127	0.0321	-0.0031	-0.0040	-0.0071	0.0019	0.0555	-0.0041	-0.0020	-0.0104	-0.0079	-0.0068	-0.0074	0.0024	-0.0071	0.0963
79	-0.0100	-0.0002	-0.0019	-0.0031	0.0001	-0.0052	-0.0028	-0.0042	-0.0050	0.0405	0.0006	-0.0034	0.0539	-0.0082	-0.0170	-0.0150	-0.0148	-0.0042	0.0012	-0.0013	0.0963
14	-0.0170	0.0005	-0.0058	-0.0041	0.0009	0.0274	-0.0011	-0.0035	0.0349	-0.0066	0.0014	-0.0020	-0.0134	-0.0024	-0.0111	0.0273	-0.0147	-0.0146	0.0019	0.0016	0.0961
24	-0.0133	0.0017	-0.0018	-0.0109	0.0010	-0.0124	-0.0001	-0.0082	-0.0036	-0.0132	0.0425	-0.0018	-0.0038	-0.0014	-0.0105	-0.0079	-0.0068	0.0466	0.0033	0.0006	0.0956
4	0.0139	-0.0004	-0.0016	-0.0054	0.0001	-0.0132	-0.0022	-0.0043	-0.0055	-0.0082	0.0401	-0.0039	-0.0121	-0.0033	-0.0123	-0.0065	-0.0113	-0.0048	0.0013	0.0393	0.0948
53	-0.0077	0.0019	-0.0147	0.0205	0.0024	-0.0125	0.0000	-0.0023	-0.0132	-0.0074	0.0029	-0.0015	-0.0037	0.0617	-0.0102	-0.0074	-0.0063	-0.0068	0.0035	0.0008	0.0937
100	-0.0044	0.0003	-0.0012	-0.0118	0.0007	-0.0044	-0.0012	-0.0046	0.0555	-0.0065	-0.0032	-0.0119	-0.0044	-0.0075	-0.0207	-0.0079	0.0355	-0.0033	0.0017	-0.0006	0.0937
120	-0.0041	0.0007	-0.0112	-0.0019	0.0012	-0.0041	-0.0093	-0.0086	-0.0239	-0.0061	0.0016	0.0262	-0.0041	-0.0019	-0.0100	0.0291	0.0320	-0.0029	0.0021	-0.0049	0.0931
117	-0.0103	0.0006	0.0325	0.0243	0.0010	-0.0174	-0.0014	-0.0036	0.0301	-0.0070	0.0015	-0.0034	-0.0047	-0.0083	-0.0112	-0.0085	-0.0075	-0.0081	0.0021	-0.0007	0.0921
78	-0.0101	0.0006	-0.0011	-0.0023	0.0010	-0.0045	-0.0045	-0.0034	-0.0042	0.0315	0.0015	-0.0026	0.0552	-0.0053	-0.0171	-0.0186	-0.0144	-0.0034	0.0021	-0.0004	0.0920
134	-0.0134	-0.0000	-0.0016	-0.0028	0.0004	-0.0047	-0.0016	-0.0088	-0.0077	-0.0070	-0.0020	0.0460	-0.0070	-0.0028	-0.0146	-0.0135	0.0423	-0.0038	0.0013	0.0013	0.0912
90	-0.0122	0.0012	-0.0005	-0.0015	0.0017	-0.0037	-0.0005	0.0337	-0.0225	-0.0059	0.0015	-0.0028	-0.0081	-0.0018	-0.0172	-0.0120	0.0481	-0.0026	0.0027	0.0020	0.0911
47	-0.0045	0.0002	-0.0014	-0.0097	0.0006	-0.0045	-0.0014	-0.0038	0.0875	-0.0066	-0.0014	-0.0090	-0.0046	-0.0058	-0.0168	-0.0080	-0.0100	-0.0035	0.0015	0.0013	0.0910
82	-0.0048	0.0007	-0.0034	-0.0024	0.0012	-0.0048	0.0075	-0.0036	-0.0045	-0.0107	0.0017	-0.0097	-0.0092	0.0773	-0.0177	-0.0089	-0.0077	-0.0035	0.0023	0.0003	0.0909
135	-0.0041	0.0016	-0.0003	-0.0016	0.0349	-0.0040	-0.0002	0.0199	-0.0038	-0.0120	-0.0016	-0.0260	-0.0041	-0.0016	-0.0071	-0.0137	0.0302	-0.0108	0.0032	0.0010	0.0909
98	-0.0082	0.0009	0.0307	0.0538	0.0013	-0.0116	-0.0008	-0.0031	-0.0152	-0.0065	0.0018	-0.0024	-0.0043	-0.0063	-0.0105	-0.0080	-0.0070	-0.0066	0.0023	-0.0002	0.0908
71	-0.0073	0.0001	-0.0016	-0.0027	0.0003	-0.0048	-0.0055	-0.0037	-0.0044	0.0157	0.0006	-0.0028	0.0222	-0.0039	-0.0209	-0.0121	-0.0212	0.0505	0.0012	0.0002	0.0908
33	-0.0110	-0.0042	-0.0052	-0.0077	-0.0005	0.0036	-0.0027	-0.0051	-0.0060	0.0341	-0.0000	0.0358	-0.0061	-0.0039	-0.0231	-0.0042	-0.0090	0.0168	0.0004	-0.0021	0.0907
29	-0.0040	0.0007	-0.0009	-0.0105	0.0011	-0.0040	-0.0008	-0.0046	0.0861	-0.0060	0.0004	-0.0127	-0.0040	-0.0057	-0.0162	-0.0074	-0.0105	-0.0029	0.0020	-0.0003	0.0903
12	-0.0063	-0.0052	0.0590	0.0050	-0.0018	0.0209	-0.0004	-0.0056	-0.0107	-0.0084	-0.0036	0.0030	-0.0079	-0.0049	0.0021	-0.0126	-0.0122	-0.0053	-0.0051	0.0000	0.0900
103	-0.0039	0.0003	-0.0010	-0.0021	0.0008	-0.0200	-0.0018	-0.0047	-0.0089	-0.0067	-0.0003	-0.0024	-0.0051	0.0709	0.0170	-0.0118	-0.0095	-0.0029	-0.0083	0.0004	0.0894
64	-0.0045	0.0003	-0.0014	-0.0111	0.0007	-0.0045	-0.0013	-0.0048	0.0547	-0.0066	-0.0011	0.0317	-0.0045	-0.0063	-0.0194	-0.0080	-0.0116	-0.0034	0.0016	-0.0007	0.0890
41	-0.0078	0.0007	0.0325	0.0509	0.0011	-0.0117	-0.0011	-0.0033	-0.0134	-0.0066	0.0017	-0.0028	-0.0043	-0.0060	-0.0104	-0.0080	-0.0069	-0.0064	0.0021	-0.0003	0.0890
94	-0.0086	-0.0063	-0.0016	-0.0027	0.0790	-0.0047	-0.0016	-0.0038	-0.0045	-0.0095	0.0007	-0.0032	-0.0161	-0.0027	-0.0095	0.0072	-0.0097	-0.0037	0.0010	0.0003	0.0882
45	-0.0069	0.0009	-0.0006	-0.0018	0.0013	-0.0038	-0.0037	-0.0028	-0.0036	-0.0119	0.0018	-0.0021	0.0818	-0.0037	-0.0155	-0.0161	-0.0125	-0.0028	0.0023	-0.0001	0.0880
107	-0.0162	0.0003	-0.0013	-0.0024	0.0007	-0.0046	-0.0013	-0.0098	-0.0089	-0.0065	-0.0007	-0.0047	-0.0096	-0.0024	0.0339	-0.0146	0.0508	-0.0034	0.0016	-0.0007	0.0872
18	-0.0068	0.0018	0.0432	-0.0079	0.0023	-0.0096	-0.0075	-0.0026	-0.0041	-0.0063	0.0028	0.0324	-0.0038	-0.0014	-0.0107	-0.0074	-0.0069	-0.0064	0.0034	-0.0045	0.0860
74	-0.0048	0.0463	-0.0014	-0.0026	0.0001	-0.0082	-0.0015	-0.0037	-0.0046	0.0266	0.0011	-0.0030	-0.0049	-0.0027	0.0062	-0.0181	-0.0074	-0.0037	0.0034	-0.0171	0.0837
115	-0.0037	0.0011	-0.0004	-0.0016	-0.0021	-0.0036	-0.0004	0.0784	-0.0084	-0.0093	-0.0013	-0.0076	-0.0036	-0.0016	-0.0124	-0.0093	-0.0109	-0.0073	0.0026	0.0015	0.0836
2	-0.0137	-0.0001	-0.0091	-0.0058	0.0018	0.0390	-0.0004	-0.0028	-0.0039	-0.0063	0.0023	-0.0020	-0.0039	-0.0017	0.0384	-0.0206	-0.0068	-0.0063	0.0016	0.0003	0.0834
16	-0.0045	-0.0013	-0.0023	-0.0031	-0.0009	-0.0118	-0.0026	0.0045	-0.0061	-0.0073	0.0786	-0.0033	-0.0057	-0.0057	-0.0021	-0.0097	-0.0097	-0.0039	-0.0033	0.0001	0.0832
62	-0.0045	0.0003	-0.0013	-0.0024	-0.0052	-0.0044	-0.0049	0.0353	-0.0043	0.0468	-0.0006	-0.0030	-0.0084	-0.0032	-0.0142	-0.0096	-0.0075	-0.0082	-0.0002	-0.0007	0.0825
13	-0.0032	0.0020	0.0003	-0.0077	0.0024	-0.0032	0.0003	-0.0034	0.0716	-0.0054	0.0009	-0.0124	-0.0032	-0.0062	-0.0147	-0.0069	-0.0138	-0.0020	0.0034	0.0009	0.0819
113	-0.0054	-0.0003	-0.0019	-0.0031	-0.0098	-0.0053	-0.0021	-0.0113	-0.0050	0.0167	-0.0003	-0.0035	-0.0072	-0.0044	-0.0128	0.0299	-0.0080	0.0341	0.0011	-0.0013	0.0817
3	0.0311	0.0022	0.0003	-0.0009	0.0005	-0.0033	0.0004	-0.0150	-0.0082	0.0188	0.0217	-0.0109	-0.0033	-0.0009	-0.0082	-0.0149	-0.0104	-0.0049	0.0039	0.0022	0.0811
49	-0.0008	0.0032	-0.0011	-0.0116	0.0006	0.0452	-0.0012	-0.0033	-0.0041	-0.0065	0.0012	-0.0026	-0.0045	-0.0023	-0.0279	0.0254	-0.0072	-0.0064	0.0047	-0.0008	0.0804
83	0.0523	0.0008	-0.0010	-0.0022	0.0013	-0.0045	-0.0031	-0.0034	-0.0042	0.0200	0.0017	-0.0026	0.0001	-0.0117	-0.0117	-0.0092	-0.0226	-0.0034	0.0024	0.0009	0.0795
43	0.0482	0.0006	-0.0072	-0.0021	0.0011	-0.0080	-0.0009	-0.0031	-0.0039	-0.0062	0.0015	-0.0024	-0.0109	-0.0021	-0.0099	-0.0111	0.0258	-0.0112	0.0020	-0.0003	0.0792
126	-0.0048	0.0021	0.0677	-0.0056	0.0025	-0.0072	-0.0044	-0.0019	-0.0027	-0.0086	0.0030	-0.0065	-0.0030	-0.0008	-0.0091	-0.0067	-0.0086	-0.0078	0.0035	-0.0012	0.0788
85	-0.0091	0.0020	-0.0008	-0.0139	0.0022	-0.0077	0.0003	-0.0038	-0.0031	-0.0116	0.0313	-0.0013	-0.0032	-0.0010	-0.0096	-0.0071	-0.0060	0.0385	0.0036	0.0006	0.0784
69	-0.0086	-0.0032	-0.0011	-0.0022	-0.0068	-0.0042	-0.0011	-0.0035	-0.0040	-0.0067	0.0013	-0.0028	-0.0136	-0.0022	-0.0099	0.0428	0.0320	-0.0031	0.0018	-0.0052	0.0780
122	-0.0071	-0.0002	-0.0016	-0.0027	0.0002	-0.0045	-0.0022	-0.0036	-0.0043	-0.0159	0.0006	-0.0030	0.0029	-0.0079	-0.0106	0.0719	-0.0097	-0.0035	0.0010	0.0002	0.0767
70	-0.0072	0.0011	-0.0001	-0.0012	0.0015	-0.0032	-0.0001	-0.0023	-0.0030	-0.0152	0.0024	-0.0016	-0.0301	-0.0012	-0.0090	0.0384	0.0303	-0.0021	0.0025	0.0002	0.0764
130	0.0183	-0.0006	-0.0029	-0.0083	-0.0002	-0.0055	-0.0020	-0.0039	-0.0049	-0.0068	0.0002	-0.0034	-0.0097	-0.0031	0.0351	-0.0124	0.0221	-0.0111	0.0006	-0.0015	0.0763
129	-0.0044	0.0003	-0.0012	-0.0070	0.0008	-0.0043	-0.0073	-0.0034	-0.0017	-0.0095	0.0012	-0.0031	-0.0124	0.0386	-0.0112	0.0323	-0.0069	-0.0033	0.0017	0.0009	0.0757
26	-0.0170	0.0002	-0.0070	-0.0068	-0.0011	0.0036	-0.0013	-0.0132	-0.0041	-0.0007	0.0001	-0.0026	-0.0045	-0.0023	0.0563	-0.0077	-0.0067	0.0137	0.0016	-0.0004	0.0754
44	-0.0041	0.0015	-0.0004	-0.0017	-0.0011	-0.0041	-0.0004	0.0702	-0.0041	-0.0097	0.0003	-0.0076	-0.0041	-0.0017	-0.0079	-0.0088	-0.0126	-0.0071	0.0031	0.0003	0.0754
108	-0.0027	0.0029	0.0010	-0.0003	0.0009	-0.0028	0.0010	0.0354	-0.0078	-0.0084	0.0275	-0.0088	-0.0028	-0.0003	-0.0078	-0.0104	-0.0164	-0.0066	0.0046	0.0018	0.0751
96	-0.0040	0.0005	-0.0010	-0.0021	-0.0017	-0.0040	-0.0011	-0.0051	-0.0038	0.0709	-0.0009	-0.0024	-0.0084	-0.0066	-0.0121	-0.0090	-0.0064	-0.0059	0.0017	0.0014	0.0744
132	0.0189	0.0006	-0.0084	-0.0044	0.0011	-0.0093	-0.0009	-0.0030	-0.0037	0.0450	0.0015	-0.0023	-0.0060	-0.0020	-0.0096	-0.0096	-0.0084	-0.0025	0.0020	0.0009	0.0701
17	-0.0024	0.0020	0.0006	-0.0162	0.0024	-0.0024	0.0006	-0.0045	0.0586	-0.0043	0.0018	-0.0078	-0.0024	-0.0028	-0.0120	-0.0056	-0.0082	-0.0014	0.0033	0.0007	0.0700
27	-0.0068	0.0008	-0.0008	-0.0018	0.0012	-0.0040	-0.0013	-0.0028	-0.0036	0.0429	0.0016	-0.0022	0.0207	-0.0079	-0.0145	-0.0128	-0.0083	-0.0028	0.0021	0.0004	0.0696
72	-0.0034	0.0040	0.0022	0.0010	0.0045	-0.0013	0.0013	-0.0002	-0.0011	-0.0104	0.0050	0.0006	0.0442	-0.0087	-0.0198	-0.0115	-0.0124	-0.0001	0.0055	0.0006	0.0688
21	-0.0036	-0.0024	0.0007	-0.0008	0.0284	-0.0036	0.0007	-0.0070	-0.0033	0.0293	0.0040	-0.0013	-0.0037	-0.0008	-0.0093	-0.0191	-0.0070	-0.0052	0.0048	-0.0010	0.0680
105	0.0584	0.0014	-0.0071	-0.0025	0.0018	-0.0051	-0.0000	-0.0020	-0.0028	-0.0049	0.0022	-0.0014	-0.0086	-0.0011	-0.0083	-0.0081	-0.0109	-0.0053	0.0027	0.0013	0.0679
104	-0.0035	0.0032	0.0016	0.0004	0.0036	-0.0017	0.0005	-0.0006	-0.0014	-0.0086	0.0041	0.0001	0.0483	-0.0086	-0.0198	-0.0093	-0.0131	-0.0006	0.0046	0.0006	0.0671
109	-0.0032	0.0011	-0.0003	-0.0169	0.0015	-0.0034	-0.0004	-0.0041	0.0125	-0.0052	-0.0005	-0.0083	-0.0033	0.0331	0.0150	-0.0066	-0.0125	-0.0023	0.0024	0.0011	0.0667
57	-0.0025	-0.0010	0.0014	0.0004	0.0292	-0.0025	-0.0004	-0.0062	-0.0022	-0.0155	0.0054	-0.0023	-0.0025	0.0004	-0.0105	-0.0118	-0.0060	-0.0035	0.0061	0.0239	0.0666
59	-0.0030	0.0022	0.0005	-0.0008	0.0022	-0.0030	-0.0002	0.0254	-0.0028	0.0280	0.0016	-0.0013	-0.0107	-0.0186	-0.0078	-0.0073	-0.0059	-0.0048	0.0037	0.0026	0.0662
95	-0.0029	0.0019	0.0003	-0.0008	-0.0024	-0.0028	0.0002	0.0070	-0.0026	0.0345	0.0006	-0.0178	-0.0033	-0.0009	-0.0088	-0.0136	-0.0091	0.0163	0.0032	0.0011	0.0650
81	-0.0021	-0.0013	0.0025	0.0009	0.0447	-0.0021	0.0025	-0.0059	-0.0018	-0.0138	0.0061	0.0004	-0.0021	0.0009	-0.0099	-0.0113	-0.0058	-0.0089	0.0069	0.0002	0.0650
91	-0.0059	0.0029	0.0004	-0.0082	0.0030	-0.0113	0.0013	-0.0032	-0.0016	-0.0079	-0.0080	-0.0001	-0.0018	0.0002	-0.0074	-0.0052	-0.0042	0.0522	0.0042	0.0007	0.0649
86	-0.0018	-0.0087	-0.0051	0.0013	0.0049	-0.0018	-0.0016	-0.0002	-0.0014	-0.0049	0.0068	-0.0087	-0.0018	0.0014	-0.0087	-0.0139	-0.0055	-0.0001	0.0076	0.0423	0.0643
112	-0.0033	0.0014	-0.0002	-0.0013	-0.0047	-0.0033	-0.0002	-0.0040	-0.0031	0.0610	0.0007	-0.0016	-0.0052	-0.0021	-0.0104	-0.0134	-0.0058	-0.0049	-0.0003	0.0007	0.0638
55	-0.0067	-0.0013	-0.0089	-0.0024	0.0013	0.0079	-0.0009	-0.0025	-0.0033	-0.0055	0.0017	-0.0019	-0.0036	-0.0016	0.0472	-0.0114	-0.0058	-0.0049	0.0020	0.0006	0.0607
20	-0.0050	0.0026	0.0010	-0.0002	0.0030	-0.0022	-0.0021	-0.0012	-0.0020	-0.0101	0.0034	-0.0005	0.0451	-0.0015	-0.0128	-0.0133	-0.0087	-0.0011	0.0040	0.0016	0.0606
25	0.0167	0.0041	-0.0028	0.0003	0.0043	0.0186	0.0024	0.0003	-0.0004	-0.0026	0.0047	0.0010	-0.0099	0.0013	-0.0062	-0.0054	-0.0194	-0.0134	0.0052	0.0012	0.0601
84	-0.0007	0.0050	-0.0081	0.0017	0.0055	-0.0007	-0.0045	-0.0016	-0.0109	-0.0032	0.0060	0.0325	-0.0007	0.0017	-0.0075	-0.0137	-0.0084	0.0006	0.0066	0.0003	0.0600
89	-0.0082	0.0015	-0.0082	-0.0019	0.0039	0.0419	0.0013	-0.0015	-0.0026	-0.0056	0.0045	-0.0006	-0.0029	-0.0002	-0.0103	-0.0082	-0.0061	-0.0036	0.0049	0.0021	0.0599
118	-0.0028	0.0034	0.0013	-0.0002	0.0013	-0.0028	-0.0083	-0.0061	-0.0026	0.0426	0.0040	-0.0006	-0.0083	-0.0019	-0.0083	-0.0074	-0.0061	-0.0043	0.0052	0.0021	0.0599
67	-0.0017	-0.0094	-0.0026	0.0016	0.0055	-0.0017	0.0002	-0.0000	-0.0014	-0.0051	0.0073	-0.0094	-0.0017	0.0016	-0.0094	-0.0113	-0.0057	0.0000	0.0082	0.0350	0.0594
32	-0.0106	0.0056	0.0297	-0.0005	0.0062	-0.0106	-0.0016	0.0003	-0.0009	-0.0042	0.0069	-0.0043	-0.0012	0.0017	-0.0094	-0.0061	-0.0047	-0.0044	0.0076	0.0005	0.0586
76	-0.0014	0.0023	0.0027	0.0013	0.0318	-0.0014	0.0027	-0.0100	-0.0011	-0.0091	0.0059	0.0008	-0.0014	0.0013	-0.0089	-0.0120	-0.0047	-0.0060	0.0066	0.0004	0.0559
128	0.0041	0.0025	-0.0012	-0.0009	0.0029	-0.0079	0.0009	-0.0013	-0.0021	-0.0046	0.0034	-0.0006	-0.0073	-0.0002	-0.0081	0.0360	-0.0107	-0.0107	0.0039	0.0019	0.0557
80	-0.0021	0.0030	0.0013	0.0001	-0.0004	-0.0021	-0.0024	-0.0025	-0.0019	0.0415	0.0030	-0.0003	-0.0087	-0.0039	-0.0128	-0.0087	-0.0048	-0.0028	0.0041	0.0006	0.0535
93	-0.0023	0.0030	0.0012	-0.0001	0.0032	-0.0023	0.0005	-0.0019	-0.0021	0.0367	0.0023	-0.0004	-0.0090	-0.0090	-0.0100	-0.0063	-0.0051	-0.0033	0.0044	0.0005	0.0517
119	-0.0026	0.0029	0.0011	-0.0002	0.0022	-0.0026	-0.0011	-0.0048	-0.0024	0.0354	0.0039	-0.0006	-0.0084	-0.0026	-0.0084	-0.0075	-0.0056	-0.0041	0.0045	0.0005	0.0507
114	-0.0026	0.0038	0.0001	-0.0088	0.0046	0.0208	0.0024	0.0001	-0.0008	-0.0033	0.0051	0.0008	-0.0010	0.0012	-0.0163	-0.0070	-0.0037	-0.0040	0.0055	0.0031	0.0476
127	-0.0061	0.0003	-0.0011	-0.0021	0.0007	-0.0039	-0.0020	-0.0030	-0.0037	-0.0088	0.0011	-0.0023	0.0230	-0.0051	0.0124	0.0081	-0.0064	-0.0029	0.0015	0.0005	0.0475
37	-0.0015	0.0039	0.0021	0.0008	0.0028	-0.0015	-0.0001	-0.0033	-0.0013	0.0259	0.0038	0.0004	-0.0073	-0.0008	-0.0151	-0.0071	-0.0043	-0.0040	0.0048	0.0019	0.0462
46	-0.0035	0.0036	0.0010	-0.0017	0.0046	0.0105	0.0027	0.0006	-0.0002	-0.0024	0.0050	0.0013	-0.0004	0.0016	-0.0175	-0.0057	-0.0028	-0.0019	0.0049	0.0002	0.0359